src/simulator/resources/gnss/igsg0060.10i
     1.0            IONOSPHERE MAPS     MIX                 IONEX VERSION / TYPE
cmpcmb v1.2          GRL/UWM            20-jan-10 08:13     PGM / RUN BY / DATE 
ionex file containing IGS COMBINED Ionosphere maps          COMMENT             
global ionosphere maps for day 006, 2010                    DESCRIPTION         
IONEX file containing the COMBINED IGS TEC MAPS and DCBs    DESCRIPTION         
      IONEX files of the following IAACs were combined: cod DESCRIPTION         
                                                        jpl DESCRIPTION         
                                                        upc DESCRIPTION         
Contact address: Andrzej Krankowski                         DESCRIPTION
                 Geodynamics Research Laboratory            DESCRIPTION
                 University of Warmia and Mazury (GRL/UWM)  DESCRIPTION
                 Oczapowski St. 1                           DESCRIPTION
                 10-957-Olsztyn, POLAND                     DESCRIPTION
                 e-mail:  kand@uwm.edu.pl                   DESCRIPTION
                                                            DESCRIPTION
  2010     1     6     0     0     0                        EPOCH OF FIRST MAP  
  2010     1     7     0     0     0                        EPOCH OF LAST MAP   
  7200                                                      INTERVAL            
    13                                                      # OF MAPS IN FILE   
  COSZ                                                      MAPPING FUNCTION    
     0.0                                                    ELEVATION CUTOFF    
combined TEC calculated as weighted mean of input TEC valuesOBSERVABLES USED    
   308                                                      # OF STATIONS       
    32                                                      # OF SATELLITES     
  6371.0                                                    BASE RADIUS         
     2                                                      MAP DIMENSION       
   450.0 450.0   0.0                                        HGT1 / HGT2 / DHGT  
    87.5 -87.5  -2.5                                        LAT1 / LAT2 / DLAT  
  -180.0 180.0   5.0                                        LON1 / LON2 / DLON  
    -1                                                      EXPONENT            
TEC values in 0.1 tec units;  9999, if no value available   COMMENT             
DCB values in nanoseconds, reference is Sum_of_SatDCBs = 0  COMMENT             
                                                            END OF HEADER       
[from data line 4719]
    12                                                      START OF TEC MAP    
  2010     1     6    22     0     0                        EPOCH OF CURRENT MAP
    87.5-180.0 180.0   5.0 450.0                            LAT/LON1/LON2/DLON/H
   16   16   16   16   17   16   17   17   17   17   17   17   17   17   17   17
   17   17   17   17   17   17   17   16   16   17   16   16   16   16   17   17
   17   17   17   17   17   17   16   16   16   16   16   16   16   16   16   16
   16   16   16   16   16   16   16   16   16   16   16   16   16   15   15   15
   16   16   16   16   16   16   17   17   16
    85.0-180.0 180.0   5.0 450.0                            LAT/LON1/LON2/DLON/H
   17   17   17   17   17   17   17   17   17   17   17   17   17   17   17   17
   17   18   18   19   19   19   19   19   18   18   18   18   18   19   19   19
   18   18   18   17   17   17   17   17   17   16   16   16   16   17   17   17
   17   18   18   18   18   18   18   17   17   17   17   17   17   16   16   16
   17   18   18   18   18   18   17   17   17
    82.5-180.0 180.0   5.0 450.0                            LAT/LON1/LON2/DLON/H
   19   19   20   21   21   21   20   20   19   19   19   20   20   21   21   22
   22   23   22   22   21   21   22   21   22   22   23   23   22   23   22   22
   22   21   20   19   19   18   17   17   16   16   16   16   16   16   16   17
   18   18   19   19   20   19   20   20   19   19   19   19   18   18   17   18
   18   18   18   18   18   18   18   18   19
    80.0-180.0 180.0   5.0 450.0                            LAT/LON1/LON2/DLON/H
   22   23   24   25   25   26   23   24   24   24   25   25   26   26   25   25
   26   25   26   26   26   27   26   26   26   26   26   26   26   26   26   25
   24   24   23   22   22   21   20   18   17   17   15   15   15   15   15   16
   17   18   19   20   20   21   21   21   20   20   20   19   19   19   19   19
   19   18   19   19   19   19   20   21   22
    77.5-180.0 180.0   5.0 450.0                            LAT/LON1/LON2/DLON/H
   26   27   29   30   30   31   27   28   29   30   31   30   29   28   28   30
   31   31   31   31   30   29   30   32   29   30   29   28   28   28   28   27
   27   27   26   25   24   23   21   20   18   16   15   14   14   14   15   15
   17   17   19   20   21   21   21   20   20   20   19   19   19   19   19   19
   19   19   20   20   21   22   23   25   26
    75.0-180.0 180.0   5.0 450.0                            LAT/LON1/LON2/DLON/H
   31   32   35   36   37   38   33   35   37   37   36   36   36   36   35   36
   37   35   35   34   33   33   34   34   32   30   28   29   28   26   27   28
   27   28   27   27   26   25   24   22   20   18   16   15   14   13   14   14
   16   17   19   20   21   21   21   20   19   18   17   17   18   18   18   18
   19   19   20   21   23   24   26   28   31
    72.5-180.0 180.0   5.0 450.0                            LAT/LON1/LON2/DLON/H
   36   39   41   43   44   46   42   43   44   44   44   44   44   44   43   41
   40   41   39   37   35   37   35   33   32   30   27   25   24   24   27   26
   26   25   26   26   27   26   25   24   22   20   17   15   15   14   14   15
   16   18   19   20   21   21   20   18   17   16   16   16   16   17   17   17
   18   19   20   22   24   27   30   33   36
    70.0-180.0 180.0   5.0 450.0                            LAT/LON1/LON2/DLON/H
   41   45   48   50   52   53   49   51   51   52   52   52   51   49   48   47
   47   46   43   41   39   38   34   32   31   28   26   24   22   22   27   25
   25   24   23   24   25   26   25   24   22   21   18   17   16   15   15   16
   18   19   20   21   21   19   19   17   16   16   15   15   15   16   16   17
   17   19   20   22   25   29   32   37   41
    67.5-180.0 180.0   5.0 450.0                            LAT/LON1/LON2/DLON/H
   46   51   54   57   59   60   55   57   58   58   58   58   57   55   54   53
   52   50   46   42   40   37   34   31   29   27   24   22   21   21   27   25
   24   22   22   22   24   25   26   26   24   23   21   20   19   17   17   19
   20   22   23   23   22   21   20   19   18   18   16   16   16   17   16   17
   18   19   21   24   27   32   36   42   46
    65.0-180.0 180.0   5.0 450.0                            LAT/LON1/LON2/DLON/H
   52   56   60   62   64   67   61   62   63   64   64   64   63   62   61   59
   56   53   49   45   41   38   34   31   28   25   23   22   21   20   28   26
   25   23   21   22   23   24   26   27   27   26   25   24   22   22   22   23
   25   26   26   26   25   26   25   25   24   22   21   21   20   20   19   19
   20   22   24   27   31   37   41   47   52
    62.5-180.0 180.0   5.0 450.0                            LAT/LON1/LON2/DLON/H
   57   62   65   68   70   71   65   66   67   68   69   70   70   69   68   64
   60   56   54   49   44   40   36   31   28   26   23   23   23   23   30   29
   26   24   23   23   24   26   28   29   31   30   29   29   28   28   29   31
   32   33   34   33   34   34   34   34   33   30   29   27   26   25   24   24
   25   26   28   32   36   42   47   52   57
    60.0-180.0 180.0   5.0 450.0                            LAT/LON1/LON2/DLON/H
   63   67   71   73   75   76   68   69   70   70   73   75   76   75   74   70
   65   61   59   53   48   42   38   33   31   28   27   27   28   28   33   32
   30   27   26   26   26   28   31   33   35   35   35   36   36   37   39   41
   42   43   44   44   44   45   44   44   42   40   39   36   34   32   30   30
   30   32   34   37   41   46   52   58   63
    57.5-180.0 180.0   5.0 450.0                            LAT/LON1/LON2/DLON/H
   68   73   76   79   79   79   72   71   71   72   74   77   79   80   79   75
   72   66   62   55   52   45   41   36   34   33   31   32   34   33   36   36
   34   32   30   30   31   33   36   38   40   41   42   43   45   47   50   52
   53   53   54   54   54   53   53   52   50   48   46   44   42   39   37   37
   37   38   40   42   46   51   56   62   68
    55.0-180.0 180.0   5.0 450.0                            LAT/LON1/LON2/DLON/H
   68   70   73   74   73   72   70   70   70   70   72   76   80   83   84   82
   77   71   64   57   51   45   40   37   35   35   35   36   38   38   35   35
   32   30   28   29   30   32   36   40   42   46   48   50   53   57   59   60
   59   55   55   57   58   57   54   51   50   50   48   45   42   39   37   37
   39   40   43   47   50   52   56   62   68
    52.5-180.0 180.0   5.0 450.0                            LAT/LON1/LON2/DLON/H
   70   73   76   78   78   77   74   73   71   70   71   74   79   82   85   84
   81   74   66   58   51   46   42   40   40   41   41   43   45   44   42   40
   37   35   36   36   38   41   45   48   50   52   54   56   59   63   65   67
   63   57   56   56   55   53   52   51   50   50   49   47   45   42   42   42
   42   44   47   50   54   56   60   65   70
    50.0-180.0 180.0   5.0 450.0                            LAT/LON1/LON2/DLON/H
   72   77   81   84   84   82   80   77   74   72   71   73   76   80   84   85
   82   76   68   60   54   49   46   46   46   48   49   51   53   52   49   45
   42   40   42   43   45   49   52   55   56   57   58   60   62   65   68   69
   65   61   56   56   53   51   50   51   51   51   50   50   48   46   44   43
   43   45   46   50   56   61   64   66   72
    47.5-180.0 180.0   5.0 450.0                            LAT/LON1/LON2/DLON/H
   74   82   87   90   89   89   87   83   80   76   73   73   75   78   81   83
   82   77   71   64   58   55   53   54   55   58   60   60   60   60   56   52
   47   46   47   48   50   54   57   59   59   59   59   62   64   65   68   68
   67   64   61   60   57   55   53   53   53   52   53   53   52   50   46   44
   44   45   46   52   57   61   65   69   74
    45.0-180.0 180.0   5.0 450.0                            LAT/LON1/LON2/DLON/H
   78   85   90   94   96   96   94   92   87   82   78   76   75   76   79   82
   81   78   74   68   64   63   63   65   67   69   71   71   68   66   62   57
   53   51   51   52   54   58   61   63   63   62   62   64   66   67   67   68
   68   67   66   64   63   61   58   56   53   53   54   54   54   51   48   46
   46   47   49   51   56   60   66   71   78
    42.5-180.0 180.0   5.0 450.0                            LAT/LON1/LON2/DLON/H
   79   87   92   98  102  103  103  101   97   92   87   81   79   79   80   82
   82   81   78   75   73   74   74   76   78   80   81   80   74   70   65   59
   56   55   56   57   60   63   65   67   66   65   65   67   68   69   69   69
   69   70   69   69   67   65   63   59   55   54   54   54   54   50   48   48
   49   50   51   52   54   59   64   71   79
    40.0-180.0 180.0   5.0 450.0                            LAT/LON1/LON2/DLON/H
   81   89   93   99  104  107  110  110  108  102   97   91   87   84   84   85
   86   87   86   85   84   85   85   87   90   90   88   85   78   72   67   62
   59   59   60   62   66   69   70   70   69   69   69   70   71   71   71   71
   72   72   72   71   69   65   62   60   57   55   54   55   54   53   51   51
   52   53   54   54   55   58   64   73   81
    37.5-180.0 180.0   5.0 450.0                            LAT/LON1/LON2/DLON/H
   83   89   93   98  103  108  113  116  115  112  108  102   98   94   93   93
   94   96   96   97   96   96   97   97   98   96   92   87   82   74   68   65
   64   63   64   68   72   75   75   73   72   71   71   71   72   72   73   73
   73   73   73   71   68   64   60   58   57   54   53   53   54   53   53   53
   55   58   58   57   58   60   67   75   83
    35.0-180.0 180.0   5.0 450.0                            LAT/LON1/LON2/DLON/H
   83   89   91   95   99  105  112  117  119  119  118  114  109  106  104  103
  103  104  106  107  106  107  107  104  103  101   95   90   84   76   71   69
   69   69   70   74   78   79   78   76   73   72   72   72   73   73   72   71
   70   70   70   69   65   62   57   55   55   52   50   50   50   52   53   55
   58   61   63   62   64   65   70   77   83
    32.5-180.0 180.0   5.0 450.0                            LAT/LON1/LON2/DLON/H
   84   88   90   92   95  100  106  113  117  122  124  123  121  118  116  115
  113  113  113  115  115  115  113  109  108  105   98   92   86   79   75   76
   76   76   77   80   81   83   81   78   76   74   73   71   71   71   69   69
   66   66   66   65   62   60   56   53   52   50   48   48   48   49   52   57
   61   65   66   68   70   72   75   79   84
    30.0-180.0 180.0   5.0 450.0                            LAT/LON1/LON2/DLON/H
   87   90   91   91   93   97  100  106  112  119  125  128  129  128  126  124
  121  119  119  118  119  117  114  112  110  105   98   92   87   82   80   81
   82   82   83   85   85   86   84   81   79   76   73   69   67   66   64   64
   62   62   62   61   59   57   54   52   51   48   46   46   47   49   53   59
   63   68   70   73   76   79   82   85   87
    27.5-180.0 180.0   5.0 450.0                            LAT/LON1/LON2/DLON/H
   95   96   97   95   95   96   96   99  105  113  122  130  134  134  132  130
  126  123  119  117  116  114  112  110  107  101   95   90   88   85   86   87
   89   89   89   90   90   89   87   84   80   75   71   63   60   59   58   58
   58   57   57   56   55   54   53   51   49   47   45   45   47   50   54   60
   65   70   75   77   80   85   90   93   95
    25.0-180.0 180.0   5.0 450.0                            LAT/LON1/LON2/DLON/H
  108  108  111  109  104  101   98   98  100  109  119  130  137  138  136  132
  126  121  116  112  110  106  104  103  102   98   93   89   90   91   94   94
   95   93   92   95   94   92   88   85   81   72   67   57   53   52   51   53
   55   53   52   52   51   51   51   49   47   45   44   44   45   50   56   62
   68   75   81   83   85   91   99  105  108
    22.5-180.0 180.0   5.0 450.0                            LAT/LON1/LON2/DLON/H
  125  131  131  130  124  116  113  106  106  112  123  133  140  143  138  132
  125  117  109  105  101   98   95   96   98   97   93   91   94   99  103  103
  102   99   98   99   98   92   87   83   77   69   63   52   49   47   47   48
   50   49   48   48   48   48   47   44   43   43   42   42   44   49   58   65
   71   79   85   88   92   98  107  117  125
    20.0-180.0 180.0   5.0 450.0                            LAT/LON1/LON2/DLON/H
  144  156  163  166  163  156  140  131  127  131  139  149  154  154  147  139
  129  122  112  105  100   98   98  101  104  103  101  102  109  119  119  113
  108  113  115  118  111  100   93   87   80   72   69   59   57   54   52   52
   44   44   44   45   45   46   46   46   44   42   38   38   41   50   61   71
   77   83   89   93   96  102  114  129  144
    17.5-180.0 180.0   5.0 450.0                            LAT/LON1/LON2/DLON/H
  161  178  191  200  203  198  185  172  161  160  163  168  169  166  156  146
  135  126  116  108  103  102  103  107  110  108  108  112  120  134  141  131
  120  123  128  126  112   99   91   86   75   66   64   59   56   55   54   53
   46   45   43   44   43   43   43   44   44   40   37   36   40   52   64   75
   81   87   93   97  102  110  122  141  161
    15.0-180.0 180.0   5.0 450.0                            LAT/LON1/LON2/DLON/H
  177  198  217  234  242  242  236  223  212  202  200  199  192  184  172  161
  149  140  130  121  114  112  114  118  119  119  119  124  132  145  152  142
  131  123  125  121  105   94   89   85   74   64   63   60   58   57   58   59
   50   49   46   45   44   43   43   43   42   40   36   36   41   53   68   80
   87   92   98  104  109  117  132  153  177
    12.5-180.0 180.0   5.0 450.0                            LAT/LON1/LON2/DLON/H
  190  214  237  258  274  279  282  273  269  257  247  239  225  214  198  185
  173  162  152  142  133  129  129  130  130  130  132  134  138  146  148  142
  130  119  113  110   99   89   86   83   74   66   65   63   62   64   65   65
   57   54   50   47   45   42   41   42   41   39   36   36   43   57   72   85
   93   98  106  111  117  127  142  163  190
    10.0-180.0 180.0   5.0 450.0                            LAT/LON1/LON2/DLON/H
  199  224  247  269  287  298  307  305  308  301  293  275  259  247  233  219
  207  195  182  172  160  152  149  147  145  141  140  140  141  143  135  126
  115  107   99   93   89   84   83   83   77   71   70   69   71   70   71   71
   63   58   53   49   46   42   41   41   40   39   37   38   46   60   75   87
   96  104  112  119  126  135  150  173  199
     7.5-180.0 180.0   5.0 450.0                            LAT/LON1/LON2/DLON/H
  205  229  248  267  284  298  311  315  321  323  313  302  290  279  270  259
  248  237  222  210  194  183  175  168  162  154  150  147  145  141  125  113
  103   97   90   85   87   89   92   93   88   84   82   79   77   76   76   74
   67   62   56   52   47   43   41   41   41   41   40   42   50   64   79   91
   99  107  116  125  132  142  157  180  205
     5.0-180.0 180.0   5.0 450.0                            LAT/LON1/LON2/DLON/H
  209  230  246  260  273  285  296  303  310  317  317  312  307  305  304  299
  291  282  264  250  230  216  202  192  180  168  162  157  152  143  128  113
  104   95   90   90   96  106  111  112  113  102   99   86   83   81   78   75
   69   64   59   55   50   46   43   44   44   44   44   46   55   69   83   94
  103  110  119  129  138  148  163  184  209
     2.5-180.0 180.0   5.0 450.0                            LAT/LON1/LON2/DLON/H
  210  229  243  253  262  269  273  280  287  295  301  304  309  315  324  329
  324  314  297  280  261  245  227  211  197  183  174  167  159  146  138  124
  114  105  103  108  121  127  133  134  131  113  109   92   87   83   80   74
   71   67   63   59   55   51   48   47   48   48   49   52   61   73   87   97
  105  112  122  132  142  151  166  187  210
