src/simulator/resources/gnss/igsg0060.10i
     1.0            IONOSPHERE MAPS     MIX                 IONEX VERSION / TYPE
cmpcmb v1.2          GRL/UWM            20-jan-10 08:13     PGM / RUN BY / DATE 
ionex file containing IGS COMBINED Ionosphere maps          COMMENT             
global ionosphere maps for day 006, 2010                    DESCRIPTION         
IONEX file containing the COMBINED IGS TEC MAPS and DCBs    DESCRIPTION         
      IONEX files of the following IAACs were combined: cod DESCRIPTION         
                                                        jpl DESCRIPTION         
                                                        upc DESCRIPTION         
Contact address: Andrzej Krankowski                         DESCRIPTION
                 Geodynamics Research Laboratory            DESCRIPTION
                 University of Warmia and Mazury (GRL/UWM)  DESCRIPTION
                 Oczapowski St. 1                           DESCRIPTION
                 10-957-Olsztyn, POLAND                     DESCRIPTION
                 e-mail:  kand@uwm.edu.pl                   DESCRIPTION
                                                            DESCRIPTION
  2010     1     6     0     0     0                        EPOCH OF FIRST MAP  
  2010     1     7     0     0     0                        EPOCH OF LAST MAP   
  7200                                                      INTERVAL            
    13                                                      # OF MAPS IN FILE   
  COSZ                                                      MAPPING FUNCTION    
     0.0                                                    ELEVATION CUTOFF    
combined TEC calculated as weighted mean of input TEC valuesOBSERVABLES USED    
   308                                                      # OF STATIONS       
    32                                                      # OF SATELLITES     
  6371.0                                                    BASE RADIUS         
     2                                                      MAP DIMENSION       
   450.0 450.0   0.0                                        HGT1 / HGT2 / DHGT  
    87.5 -87.5  -2.5                                        LAT1 / LAT2 / DLAT  
  -180.0 180.0   5.0                                        LON1 / LON2 / DLON  
    -1                                                      EXPONENT            
TEC values in 0.1 tec units;  9999, if no value available   COMMENT             
DCB values in nanoseconds, reference is Sum_of_SatDCBs = 0  COMMENT             
                                                            END OF HEADER       
[from data line 2574]
     7                                                      START OF TEC MAP    
  2010     1     6    12     0     0                        EPOCH OF CURRENT MAP
    87.5-180.0 180.0   5.0 450.0                            LAT/LON1/LON2/DLON/H
   24   23   23   23   22   21   21   21   21   20   20   20   18   18   18   18
   20   21   22   22   22   22   23   24   24   24   24   24   25   25   26   26
   27   27   27   29   29   29   29   29   29   30   30   30   30   30   30   30
   30   30   30   30   30   30   29   29   28   28   28   28   28   27   27   26
   26   26   25   25   24   24   24   24   24
    85.0-180.0 180.0   5.0 450.0                            LAT/LON1/LON2/DLON/H
   25   24   23   22   22   22   19   17   17   16   16   16   17   16   16   16
   16   16   15   15   16   18   20   21   21   21   21   22   23   24   26   26
   26   27   27   27   28   28   28   29   29   30   31   31   32   32   32   32
   32   32   31   31   31   30   30   30   29   28   28   27   25   25   24   24
   24   23   23   24   25   25   25   25   25
    82.5-180.0 180.0   5.0 450.0                            LAT/LON1/LON2/DLON/H
   22   18   17   16   16   16   16   16   16   16   15   15   15   15   15   15
   16   16   16   16   16   16   18   19   19   23   25   25   24   24   25   26
   25   26   26   26   27   26   26   26   27   27   26   27   28   28   29   30
   30   30   30   30   29   29   29   29   28   26   26   25   24   23   23   23
   23   23   24   24   25   25   24   22   22
    80.0-180.0 180.0   5.0 450.0                            LAT/LON1/LON2/DLON/H
   20   18   17   17   16   16   15   15   15   14   14   14   14   14   14   14
   14   15   15   14   15   16   18   19   21   22   23   24   24   25   26   26
   27   26   27   27   27   27   26   25   25   25   25   25   25   25   25   26
   27   25   25   26   26   26   27   28   27   26   25   24   23   23   23   23
   23   22   23   23   23   22   21   20   20
    77.5-180.0 180.0   5.0 450.0                            LAT/LON1/LON2/DLON/H
   19   18   17   17   17   16   15   14   15   15   15   15   15   16   16   16
   15   14   14   15   15   16   18   18   21   23   24   26   26   27   27   27
   27   28   28   28   28   27   26   26   25   24   25   24   25   25   24   25
   26   26   24   23   23   24   25   25   25   25   24   22   21   21   21   21
   21   21   21   21   21   21   20   19   19
    75.0-180.0 180.0   5.0 450.0                            LAT/LON1/LON2/DLON/H
   18   18   17   17   17   16   16   15   15   15   14   15   15   15   15   15
   14   14   16   17   18   18   21   20   21   21   24   25   26   27   29   30
   30   30   31   32   31   31   31   28   28   28   26   26   26   25   25   25
   27   27   26   24   24   24   24   24   24   23   23   21   20   20   19   19
   20   20   20   20   19   19   19   18   18
    72.5-180.0 180.0   5.0 450.0                            LAT/LON1/LON2/DLON/H
   18   18   18   18   18   17   16   15   14   14   15   15   16   16   16   15
   16   17   18   19   21   23   25   24   22   22   23   26   26   28   31   32
   34   34   34   34   34   34   34   34   33   31   31   30   29   29   26   27
   27   27   26   25   25   24   24   23   23   23   22   20   18   18   18   18
   19   20   20   19   19   19   18   18   18
    70.0-180.0 180.0   5.0 450.0                            LAT/LON1/LON2/DLON/H
   19   19   19   19   19   18   16   16   15   14   15   16   17   16   16   17
   18   19   20   21   23   24   27   25   23   23   24   24   29   30   33   36
   38   38   40   42   41   39   40   40   39   37   37   34   35   33   31   29
   28   28   28   28   26   25   24   23   23   23   21   18   18   18   18   18
   21   22   20   20   20   21   20   19   19
    67.5-180.0 180.0   5.0 450.0                            LAT/LON1/LON2/DLON/H
   21   21   21   20   19   19   17   17   16   16   16   17   16   16   17   18
   20   21   23   22   23   24   26   25   24   23   25   26   30   34   37   39
   41   44   47   48   49   48   49   47   46   46   45   42   43   39   37   33
   32   31   31   29   27   25   24   24   22   21   20   20   20   20   20   21
   24   24   23   24   24   23   20   21   21
    65.0-180.0 180.0   5.0 450.0                            LAT/LON1/LON2/DLON/H
   24   23   24   22   21   21   19   19   18   17   16   17   16   16   17   18
   19   20   22   20   21   23   25   23   23   24   28   31   32   37   42   44
   47   50   52   54   55   54   55   55   55   53   52   51   50   47   43   39
   35   33   32   31   29   27   26   25   23   23   23   22   23   23   23   26
   28   28   28   29   28   27   23   24   24
    62.5-180.0 180.0   5.0 450.0                            LAT/LON1/LON2/DLON/H
   28   26   27   25   24   24   21   20   20   19   17   17   17   17   16   17
   17   18   19   18   17   21   25   23   23   26   30   33   36   42   47   51
   54   55   55   57   58   59   60   62   63   61   60   60   59   55   50   44
   39   36   35   33   33   32   30   30   28   28   28   28   27   28   28   30
   32   33   33   34   33   31   29   28   28
    60.0-180.0 180.0   5.0 450.0                            LAT/LON1/LON2/DLON/H
   32   30   29   28   27   26   25   23   22   21   20   19   17   16   16   17
   16   16   18   17   14   20   25   25   26   30   32   38   42   48   53   59
   61   60   60   61   61   61   64   66   68   70   68   67   64   61   55   50
   45   40   41   39   38   39   37   38   36   37   37   36   36   35   35   35
   36   36   37   38   38   38   35   32   32
    57.5-180.0 180.0   5.0 450.0                            LAT/LON1/LON2/DLON/H
   40   35   33   32   31   29   27   26   25   24   23   21   19   18   19   18
   18   17   18   17   16   21   24   27   30   35   37   43   49   56   61   64
   66   67   66   66   65   66   68   71   74   75   76   75   71   66   61   57
   52   50   50   49   47   45   44   44   44   45   45   43   41   42   40   40
   40   41   41   42   42   42   41   40   40
    55.0-180.0 180.0   5.0 450.0                            LAT/LON1/LON2/DLON/H
   40   38   36   35   34   32   31   30   29   27   26   25   22   21   19   17
   16   17   17   18   20   21   24   28   34   38   43   47   52   57   59   60
   62   62   61   61   61   61   65   68   73   76   77   76   73   69   64   61
   57   55   53   51   48   45   41   39   38   38   38   38   38   39   39   39
   41   43   44   44   44   44   43   41   40
    52.5-180.0 180.0   5.0 450.0                            LAT/LON1/LON2/DLON/H
   45   42   41   39   37   35   34   33   32   30   29   28   25   24   22   21
   21   20   21   21   23   23   26   31   37   43   49   54   58   63   62   63
   65   65   65   65   65   67   71   75   80   84   86   86   83   79   76   72
   68   64   61   58   54   50   46   44   42   41   41   41   41   41   42   43
   44   46   48   49   49   49   48   45   45
    50.0-180.0 180.0   5.0 450.0                            LAT/LON1/LON2/DLON/H
   48   46   44   42   41   40   38   36   35   33   33   32   30   27   25   25
   25   26   27   28   28   28   30   35   43   50   56   62   66   69   67   67
   69   69   70   71   71   74   77   81   85   90   93   92   91   88   85   81
   77   72   68   64   60   56   52   49   47   46   45   44   44   44   43   45
   46   48   50   52   53   53   52   49   48
    47.5-180.0 180.0   5.0 450.0                            LAT/LON1/LON2/DLON/H
   50   49   47   46   44   43   41   39   38   38   38   37   35   32   30   30
   31   33   34   35   35   35   38   43   51   59   66   71   73   76   75   74
   75   76   77   79   80   81   84   87   91   94   96   97   98   96   93   88
   84   79   74   69   65   61   58   55   52   51   50   48   46   45   45   46
   48   49   51   53   55   55   55   51   50
    45.0-180.0 180.0   5.0 450.0                            LAT/LON1/LON2/DLON/H
   53   50   50   49   48   46   45   43   43   44   44   42   40   37   35   35
   37   40   43   44   43   44   47   52   61   68   75   80   81   83   80   80
   80   82   85   88   89   90   91   93   96   98  100  101  104  104  100   95
   89   84   77   72   68   65   62   59   56   55   53   50   47   46   46   47
   49   50   51   53   55   56   55   54   53
    42.5-180.0 180.0   5.0 450.0                            LAT/LON1/LON2/DLON/H
   52   50   51   50   50   49   48   48   49   50   50   48   45   43   42   42
   45   49   53   54   53   54   57   63   70   78   85   88   87   87   84   82
   83   87   93   98  100  100  101  101  101  102  104  106  109  110  108  102
   95   87   79   73   68   65   62   59   57   55   55   52   50   48   48   49
   49   50   51   52   53   54   53   52   52
    40.0-180.0 180.0   5.0 450.0                            LAT/LON1/LON2/DLON/H
   50   49   50   51   51   50   51   51   53   56   56   54   51   50   50   51
   53   59   63   64   63   64   66   72   80   88   94   95   92   90   85   84
   87   94  102  107  112  113  111  109  108  107  108  111  114  115  114  108
   99   90   80   73   67   64   60   59   58   57   56   55   53   51   50   51
   50   50   50   51   51   51   50   49   50
    37.5-180.0 180.0   5.0 450.0                            LAT/LON1/LON2/DLON/H
   46   46   48   49   49   50   51   53   57   60   62   60   59   57   56   58
   61   66   70   72   71   71   74   80   88   96  101  100   96   92   89   87
   92  100  110  117  123  126  124  119  115  113  113  116  118  120  119  114
  104   95   82   74   67   63   60   60   60   60   59   57   56   54   53   52
   52   51   51   50   49   48   47   46   46
    35.0-180.0 180.0   5.0 450.0                            LAT/LON1/LON2/DLON/H
   44   44   45   46   47   47   49   52   57   61   65   65   64   64   64   66
   69   73   76   76   77   78   81   85   93  102  105  104  100   96   95   94
   97  107  116  126  134  138  136  131  124  121  120  123  125  128  127  122
  114  103   91   80   71   65   62   60   61   62   62   61   59   57   55   54
   53   51   51   50   48   47   46   44   44
    32.5-180.0 180.0   5.0 450.0                            LAT/LON1/LON2/DLON/H
   42   41   41   42   43   44   46   49   55   61   65   67   69   70   71   72
   74   77   79   79   80   82   85   90   98  106  109  108  106  103  103  103
  106  113  122  134  145  149  148  143  138  133  132  135  137  141  139  135
  126  117  106   95   83   74   67   64   64   65   65   64   62   60   57   56
   54   53   51   50   48   47   45   43   42
    30.0-180.0 180.0   5.0 450.0                            LAT/LON1/LON2/DLON/H
   42   40   39   38   39   40   42   45   51   56   62   66   70   73   75   76
   77   78   79   81   82   83   86   91   99  106  110  111  110  110  112  114
  116  122  130  142  153  161  161  157  152  151  150  152  153  156  155  152
  146  138  129  119  104   90   80   74   71   70   70   69   66   63   60   58
   57   54   53   52   50   49   47   44   42
    27.5-180.0 180.0   5.0 450.0                            LAT/LON1/LON2/DLON/H
   44   39   38   37   36   37   38   41   46   51   57   63   67   71   74   74
   75   76   78   79   81   83   86   91   98  104  108  111  114  118  123  126
  129  134  140  150  162  172  175  173  171  173  171  170  173  173  175  174
  169  166  160  148  132  114   99   88   81   78   77   75   71   67   64   62
   60   58   57   55   54   53   50   47   44
    25.0-180.0 180.0   5.0 450.0                            LAT/LON1/LON2/DLON/H
   47   41   38   37   36   36   37   39   42   47   52   58   62   66   69   69
   71   71   72   75   77   81   85   89   95  101  106  110  118  126  135  140
  145  150  154  159  170  184  189  190  190  194  193  192  192  193  195  195
  194  196  194  181  164  140  119  103   93   88   85   82   77   72   69   67
   65   64   62   60   59   58   55   51   47
    22.5-180.0 180.0   5.0 450.0                            LAT/LON1/LON2/DLON/H
   50   45   41   39   39   38   39   40   41   44   48   52   56   60   63   63
   64   64   66   69   74   78   83   88   94  100  104  109  120  134  147  154
  160  165  166  171  178  192  202  205  207  212  215  213  211  211  213  213
  216  221  221  209  191  163  139  118  104   97   93   88   82   78   75   74
   72   70   67   65   64   63   60   56   50
    20.0-180.0 180.0   5.0 450.0                            LAT/LON1/LON2/DLON/H
   54   48   44   42   42   42   48   49   48   45   47   50   50   51   52   55
   58   60   62   69   78   85   92  100  105  109  113  119  130  144  155  162
  171  179  182  189  195  207  215  216  219  230  235  223  213  206  204  202
  234  238  237  228  209  181  154  130  114  104  100   95   91   86   84   83
   81   77   73   70   68   67   65   60   54
    17.5-180.0 180.0   5.0 450.0                            LAT/LON1/LON2/DLON/H
   56   50   46   45   45   45   47   49   50   47   48   50   50   49   50   54
   57   62   65   71   81   90   99  106  110  115  120  125  137  150  161  173
  185  196  204  210  210  213  217  220  227  240  242  230  220  215  212  210
  240  243  242  233  217  191  165  140  122  111  106  103  100   95   94   94
   90   84   78   74   71   70   67   62   56
    15.0-180.0 180.0   5.0 450.0                            LAT/LON1/LON2/DLON/H
   57   51   47   46   46   47   46   47   48   46   48   49   49   48   49   53
   59   65   69   76   86   97  105  114  118  123  130  134  143  157  168  182
  195  209  220  220  214  213  215  222  232  241  241  232  225  219  217  215
  237  239  236  229  216  196  172  147  129  118  114  110  107  104  103  101
   97   91   82   77   72   69   67   63   57
    12.5-180.0 180.0   5.0 450.0                            LAT/LON1/LON2/DLON/H
   58   51   47   46   47   48   47   47   47   47   46   47   47   48   48   53
   59   63   70   80   92  103  109  120  125  129  136  143  152  162  171  186
  201  213  223  220  213  210  214  223  232  240  241  236  228  224  221  218
  228  227  225  220  211  196  177  154  134  124  118  115  112  109  108  106
  102   94   85   78   71   68   66   62   58
    10.0-180.0 180.0   5.0 450.0                            LAT/LON1/LON2/DLON/H
   57   52   47   46   47   48   48   46   46   46   45   45   46   47   47   51
   55   58   67   78   93  105  110  121  130  134  140  148  158  167  174  187
  198  211  217  216  211  210  214  224  234  242  244  241  234  230  226  222
  219  216  213  211  206  196  182  162  142  128  121  118  116  113  110  108
  103   95   85   77   70   65   62   60   57
     7.5-180.0 180.0   5.0 450.0                            LAT/LON1/LON2/DLON/H
   56   52   48   46   46   47   48   46   45   45   46   47   47   48   48   49
   53   57   65   77   93  105  113  126  135  140  145  154  163  172  178  187
  199  209  211  212  211  213  221  232  242  250  253  250  243  239  232  226
  215  211  209  208  206  200  190  173  152  136  126  121  119  115  111  109
  103   96   85   75   66   60   58   57   56
     5.0-180.0 180.0   5.0 450.0                            LAT/LON1/LON2/DLON/H
   55   53   50   48   47   46   49   45   44   46   48   49   49   52   53   54
   56   60   67   78   93  108  121  135  144  151  155  163  171  179  184  191
  199  206  211  214  217  223  234  246  256  265  264  260  255  248  240  232
  220  217  214  213  212  210  202  187  166  144  130  125  123  118  112  108
  103   97   87   75   64   56   54   55   55
     2.5-180.0 180.0   5.0 450.0                            LAT/LON1/LON2/DLON/H
   56   55   54   51   48   46   51   47   45   46   49   51   52   54   57   60
   62   65   73   84  101  115  129  143  154  158  163  172  180  186  191  197
  205  209  216  222  228  237  249  262  272  277  273  268  264  259  251  245
  235  231  230  226  227  224  216  202  179  154  137  130  129  121  114  108
  105  100   92   79   66   57   54   54   56
