src/simulator/resources/gnss/igsg0060.10i
     1.0            IONOSPHERE MAPS     MIX                 IONEX VERSION / TYPE
cmpcmb v1.2          GRL/UWM            20-jan-10 08:13     PGM / RUN BY / DATE 
ionex file containing IGS COMBINED Ionosphere maps          COMMENT             
global ionosphere maps for day 006, 2010                    DESCRIPTION         
IONEX file containing the COMBINED IGS TEC MAPS and DCBs    DESCRIPTION         
      IONEX files of the following IAACs were combined: cod DESCRIPTION         
                                                        jpl DESCRIPTION         
                                                        upc DESCRIPTION         
Contact address: Andrzej Krankowski                         DESCRIPTION
                 Geodynamics Research Laboratory            DESCRIPTION
                 University of Warmia and Mazury (GRL/UWM)  DESCRIPTION
                 Oczapowski St. 1                           DESCRIPTION
                 10-957-Olsztyn, POLAND                     DESCRIPTION
                 e-mail:  kand@uwm.edu.pl                   DESCRIPTION
                                                            DESCRIPTION
  2010     1     6     0     0     0                        EPOCH OF FIRST MAP  
  2010     1     7     0     0     0                        EPOCH OF LAST MAP   
  7200                                                      INTERVAL            
    13                                                      # OF MAPS IN FILE   
  COSZ                                                      MAPPING FUNCTION    
     0.0                                                    ELEVATION CUTOFF    
combined TEC calculated as weighted mean of input TEC valuesOBSERVABLES USED    
   308                                                      # OF STATIONS       
    32                                                      # OF SATELLITES     
  6371.0                                                    BASE RADIUS         
     2                                                      MAP DIMENSION       
   450.0 450.0   0.0                                        HGT1 / HGT2 / DHGT  
    87.5 -87.5  -2.5                                        LAT1 / LAT2 / DLAT  
  -180.0 180.0   5.0                                        LON1 / LON2 / DLON  
    -1                                                      EXPONENT            
TEC values in 0.1 tec units;  9999, if no value available   COMMENT             
DCB values in nanoseconds, reference is Sum_of_SatDCBs = 0  COMMENT             
                                                            END OF HEADER       
[from data line 1287]
     4                                                      START OF TEC MAP    
  2010     1     6     6     0     0                        EPOCH OF CURRENT MAP
    87.5-180.0 180.0   5.0 450.0                            LAT/LON1/LON2/DLON/H
   24   24   24   24   24   24   24   24   24   24   24   24   24   24   24   24
   24   24   24   24   24   24   24   24   24   24   24   24   24   25   26   26
   26   26   26   27   27   27   27   27   27   27   27   27   27   27   26   26
   25   25   25   26   25   25   25   25   25   25   25   25   24   24   24   24
   24   24   24   24   24   24   24   24   24
    85.0-180.0 180.0   5.0 450.0                            LAT/LON1/LON2/DLON/H
   26   25   26   26   26   26   26   26   26   26   26   25   24   24   23   22
   23   22   22   22   22   22   22   22   22   22   23   23   23   23   24   24
   25   25   26   26   26   26   26   26   26   26   26   27   27   26   26   26
   25   25   24   24   24   24   24   25   25   25   24   24   24   24   24   24
   24   24   24   24   24   25   24   25   26
    82.5-180.0 180.0   5.0 450.0                            LAT/LON1/LON2/DLON/H
   26   26   27   26   27   27   26   27   27   26   26   25   25   24   23   22
   22   21   21   19   19   19   20   20   19   19   18   20   21   22   23   24
   24   25   25   26   27   27   28   28   28   27   27   27   27   26   26   25
   25   24   24   24   24   24   24   24   24   24   24   24   24   24   24   23
   24   24   24   24   24   24   25   25   26
    80.0-180.0 180.0   5.0 450.0                            LAT/LON1/LON2/DLON/H
   24   24   25   25   26   27   28   28   28   27   27   25   25   23   22   22
   21   20   20   18   18   18   18   16   17   18   19   19   20   21   22   23
   24   24   25   26   27   27   28   28   29   28   28   28   27   27   27   27
   26   27   26   25   25   25   25   25   26   26   25   25   24   24   24   23
   24   24   23   23   22   22   23   23   24
    77.5-180.0 180.0   5.0 450.0                            LAT/LON1/LON2/DLON/H
   22   23   24   25   26   26   27   27   26   26   26   25   24   23   22   21
   19   18   18   17   17   17   16   17   17   18   18   19   21   21   22   23
   24   25   25   26   27   28   28   28   28   28   29   29   28   28   28   29
   28   28   27   27   27   28   28   29   29   29   28   28   27   26   25   25
   23   23   21   20   20   21   21   21   22
    75.0-180.0 180.0   5.0 450.0                            LAT/LON1/LON2/DLON/H
   22   22   23   24   24   26   26   26   27   27   26   25   24   22   20   19
   18   18   17   17   17   17   17   18   19   19   20   21   21   22   23   24
   24   25   25   26   26   27   28   28   28   28   29   29   29   29   29   30
   30   30   30   31   32   33   34   35   35   34   34   33   31   30   28   26
   25   23   21   20   19   20   20   20   22
    72.5-180.0 180.0   5.0 450.0                            LAT/LON1/LON2/DLON/H
   20   21   22   23   24   25   26   26   27   26   25   24   21   20   19   18
   17   18   18   18   18   18   19   20   24   26   21   22   23   24   25   25
   25   25   25   25   25   26   26   27   27   27   28   29   29   30   31   33
   33   34   35   36   38   41   42   43   43   42   41   39   37   35   33   31
   28   26   24   23   21   20   20   20   20
    70.0-180.0 180.0   5.0 450.0                            LAT/LON1/LON2/DLON/H
   20   20   22   25   24   24   25   26   26   25   24   22   21   19   19   18
   19   20   20   19   19   21   22   22   29   26   27   23   25   25   26   26
   25   25   26   25   25   25   25   25   26   26   28   28   30   31   34   36
   38   40   41   44   46   50   52   53   52   51   48   46   44   41   38   36
   33   31   29   27   24   23   21   20   20
    67.5-180.0 180.0   5.0 450.0                            LAT/LON1/LON2/DLON/H
   21   22   26   25   24   24   25   25   24   24   23   22   20   20   20   20
   21   21   21   21   21   23   24   25   28   26   26   25   25   26   26   25
   25   25   25   25   24   24   23   24   25   26   28   29   31   33   37   40
   43   45   49   52   54   58   60   62   62   60   56   53   49   46   43   40
   38   35   33   31   28   26   23   22   21
    65.0-180.0 180.0   5.0 450.0                            LAT/LON1/LON2/DLON/H
   24   24   25   24   24   24   25   24   24   24   23   21   21   22   22   22
   23   21   21   23   23   26   27   28   28   26   25   25   25   25   25   24
   24   24   25   25   24   23   23   23   25   26   28   31   33   37   41   45
   47   50   54   58   61   65   67   68   68   67   62   59   56   53   48   45
   43   40   37   35   32   30   27   26   24
    62.5-180.0 180.0   5.0 450.0                            LAT/LON1/LON2/DLON/H
   27   26   25   25   25   25   26   25   24   23   23   22   22   24   23   22
   23   22   22   24   25   28   28   28   27   27   25   25   24   25   24   24
   24   25   24   24   24   23   22   24   25   28   31   35   39   43   47   51
   53   56   60   63   66   69   72   73   74   73   68   65   63   60   54   50
   45   42   40   38   35   34   31   29   27
    60.0-180.0 180.0   5.0 450.0                            LAT/LON1/LON2/DLON/H
   30   28   27   27   27   27   27   26   25   24   23   23   23   24   23   23
   23   23   23   25   27   27   26   26   25   25   24   26   26   27   26   26
   27   27   26   25   26   25   24   25   28   31   34   40   45   50   55   59
   60   63   67   70   72   75   77   79   80   79   75   73   70   66   59   54
   48   44   43   40   39   37   35   32   30
    57.5-180.0 180.0   5.0 450.0                            LAT/LON1/LON2/DLON/H
   35   32   31   31   30   30   30   29   27   26   24   24   24   24   24   24
   23   23   24   24   26   25   25   26   24   23   23   27   32   30   29   30
   31   31   29   28   28   27   27   29   32   36   41   47   53   58   63   67
   68   71   75   78   80   81   82   84   86   86   82   79   76   70   63   56
   51   48   46   45   43   41   39   36   35
    55.0-180.0 180.0   5.0 450.0                            LAT/LON1/LON2/DLON/H
   35   33   32   31   30   29   31   29   28   26   24   23   23   23   22   22
   22   22   21   21   21   21   20   21   21   21   22   30   34   30   24   26
   27   25   23   22   22   23   24   26   31   37   43   48   53   56   58   62
   69   72   77   79   82   83   85   88   90   89   86   81   75   68   60   54
   50   47   46   44   44   42   40   38   35
    52.5-180.0 180.0   5.0 450.0                            LAT/LON1/LON2/DLON/H
   39   37   35   35   34   34   35   33   31   29   28   27   27   26   25   24
   23   23   22   22   21   21   22   23   25   29   30   37   44   41   35   37
   37   36   33   32   32   32   33   36   40   47   53   57   61   64   66   70
   75   79   83   86   87   88   90   93   93   92   90   86   80   73   65   59
   54   51   48   46   46   45   44   42   39
    50.0-180.0 180.0   5.0 450.0                            LAT/LON1/LON2/DLON/H
   44   41   39   38   38   38   39   37   35   32   31   31   30   29   28   26
   25   25   25   24   25   26   27   30   35   41   43   49   55   55   50   51
   50   47   44   42   41   41   42   46   51   56   61   64   67   69   72   75
   80   84   89   92   93   94   95   97   97   95   92   89   83   77   70   64
   59   56   52   49   48   48   46   45   44
    47.5-180.0 180.0   5.0 450.0                            LAT/LON1/LON2/DLON/H
   46   43   41   41   42   42   43   41   38   37   35   35   34   32   30   29
   28   28   27   29   32   35   39   45   50   57   60   64   68   70   65   63
   60   57   54   52   50   50   51   55   60   64   67   69   72   74   76   80
   86   91   95   98   99   99  100   99   99   97   94   90   86   80   74   69
   65   60   56   53   51   51   49   48   46
    45.0-180.0 180.0   5.0 450.0                            LAT/LON1/LON2/DLON/H
   48   45   43   44   45   46   46   45   43   41   40   39   37   36   34   32
   31   32   33   37   42   48   56   63   70   76   76   77   80   79   75   71
   68   65   62   60   58   58   60   64   68   72   74   75   78   79   81   86
   92   98  102  105  106  103  102  100  100   97   94   91   86   81   76   73
   69   66   61   58   55   53   51   49   48
    42.5-180.0 180.0   5.0 450.0                            LAT/LON1/LON2/DLON/H
   47   44   43   45   47   49   49   48   47   45   44   43   43   41   39   37
   37   40   42   49   56   65   75   83   89   92   87   86   87   83   78   74
   71   68   66   65   64   64   67   71   75   79   81   82   83   84   86   92
   98  106  110  113  112  108  104  101   99   97   93   91   87   82   78   76
   74   70   66   62   58   54   52   50   47
    40.0-180.0 180.0   5.0 450.0                            LAT/LON1/LON2/DLON/H
   46   43   42   44   47   50   51   50   49   49   49   48   49   48   45   44
   45   50   53   63   71   82   92  101  106  104   96   92   89   83   77   74
   70   69   69   68   68   68   71   76   80   84   86   87   88   90   93   98
  105  112  117  120  118  113  107  102   98   95   93   92   89   85   82   79
   77   74   70   65   61   57   53   49   46
    37.5-180.0 180.0   5.0 450.0                            LAT/LON1/LON2/DLON/H
   45   42   40   42   46   51   53   52   51   52   53   54   55   55   53   53
   55   61   66   77   86   98  108  115  118  112  101   94   88   82   76   72
   70   70   70   70   69   70   73   78   83   87   90   92   93   95   99  104
  111  117  122  123  121  117  110  105  101   99   98   97   95   91   88   85
   83   79   75   68   63   58   54   49   45
    35.0-180.0 180.0   5.0 450.0                            LAT/LON1/LON2/DLON/H
   44   41   39   40   44   50   53   53   53   54   57   60   62   63   62   62
   66   72   78   90  100  112  121  125  124  114  103   93   85   80   74   72
   72   72   72   70   69   70   73   78   84   89   94   97   99  102  106  110
  115  121  124  125  124  121  115  111  108  108  109  109  107  102   98   95
   91   86   82   74   68   62   56   50   44
    32.5-180.0 180.0   5.0 450.0                            LAT/LON1/LON2/DLON/H
   45   43   40   41   43   49   52   52   53   56   60   65   68   70   71   71
   75   82   88  100  111  121  129  130  124  113  102   92   82   78   74   74
   75   74   73   71   69   69   71   76   84   90   96  101  105  108  112  115
  120  124  126  128  128  126  123  122  122  125  128  129  129  123  116  111
  105   99   93   83   74   66   59   52   45
    30.0-180.0 180.0   5.0 450.0                            LAT/LON1/LON2/DLON/H
   51   47   45   43   45   48   52   52   52   56   60   66   71   74   76   78
   81   88   93  105  114  123  127  125  118  106   96   87   80   76   74   76
   77   76   74   72   69   67   68   74   82   91   98  104  110  114  118  120
  122  124  129  133  134  134  135  138  143  150  157  160  162  155  144  137
  126  117  108   96   85   75   66   59   51
    27.5-180.0 180.0   5.0 450.0                            LAT/LON1/LON2/DLON/H
   60   54   50   48   48   50   53   52   53   55   60   65   70   74   77   79
   85   91   96  105  112  117  118  116  107   94   86   79   77   77   76   78
   77   77   74   71   67   64   66   72   80   90   98  106  113  119  123  124
  126  128  133  140  144  148  152  162  172  183  194  201  205  198  183  171
  155  141  127  112  102   88   77   68   60
    25.0-180.0 180.0   5.0 450.0                            LAT/LON1/LON2/DLON/H
   69   63   58   54   52   53   55   53   53   55   59   63   68   71   73   77
   83   91   95  102  106  108  107  103   93   82   76   73   75   79   80   80
   78   76   74   70   65   62   64   70   80   89   98  108  117  123  128  129
  132  136  142  151  158  166  175  192  207  223  238  246  248  244  226  207
  189  171  151  136  120  104   92   79   69
    22.5-180.0 180.0   5.0 450.0                            LAT/LON1/LON2/DLON/H
   78   70   64   60   58   57   58   57   55   55   58   61   64   67   69   73
   79   88   92   95   98   99   97   90   81   74   69   70   74   80   80   80
   77   75   71   67   63   61   64   71   80   88   98  110  120  129  135  137
  140  146  155  166  179  186  202  221  240  258  273  280  282  274  256  237
  220  203  179  160  141  130  108   93   78
    20.0-180.0 180.0   5.0 450.0                            LAT/LON1/LON2/DLON/H
   90   78   69   63   60   59   67   66   63   60   61   63   65   67   69   72
   79   86   90   91   94   95   93   87   80   76   74   75   78   82   83   81
   77   76   72   67   62   61   65   75   85   94  105  117  131  142  151  155
  148  156  168  183  197  208  220  234  249  265  280  290  295  289  273  255
  239  223  204  184  165  149  128  108   90
    17.5-180.0 180.0   5.0 450.0                            LAT/LON1/LON2/DLON/H
  103   87   76   69   65   65   73   71   67   63   62   62   63   66   69   71
   75   81   85   86   89   91   91   87   80   78   77   77   78   79   81   78
   75   73   70   65   60   60   66   76   88   97  107  122  138  150  160  167
  162  173  186  199  211  220  230  239  251  264  276  286  290  287  276  262
  248  235  220  202  182  165  145  122  103
    15.0-180.0 180.0   5.0 450.0                            LAT/LON1/LON2/DLON/H
  117   98   85   75   71   70   74   73   69   64   62   61   62   64   66   68
   72   77   81   84   85   88   90   88   84   81   81   79   78   76   75   72
   71   69   65   61   57   60   69   80   92  101  111  126  144  157  169  181
  178  190  202  213  221  226  232  239  246  255  263  271  274  272  266  257
  248  240  228  212  194  177  158  137  117
    12.5-180.0 180.0   5.0 450.0                            LAT/LON1/LON2/DLON/H
  129  110   94   83   78   76   76   75   70   65   62   61   61   61   60   62
   67   72   77   81   83   86   89   88   85   81   80   79   75   71   66   65
   65   63   59   56   56   61   72   85   98  106  117  132  150  164  179  190
  191  204  215  222  225  227  229  234  238  244  247  251  253  253  251  248
  243  238  229  217  202  186  169  151  129
    10.0-180.0 180.0   5.0 450.0                            LAT/LON1/LON2/DLON/H
  142  123  105   93   86   83   77   76   72   67   64   62   62   61   58   57
   61   67   72   80   83   87   90   88   85   79   78   77   72   65   60   61
   62   59   55   53   55   63   77   91  104  113  125  140  153  169  183  200
  200  213  222  225  225  224  226  229  232  234  233  233  234  236  236  237
  236  233  227  219  206  193  178  162  142
     7.5-180.0 180.0   5.0 450.0                            LAT/LON1/LON2/DLON/H
  155  135  117  103   93   88   80   77   74   70   67   66   66   65   61   57
   59   67   73   80   85   87   89   88   86   80   77   74   68   61   60   65
   64   57   54   53   57   68   83   96  108  119  131  144  159  173  187  202
  203  215  224  225  223  222  225  229  232  231  228  226  227  228  230  232
  232  232  228  221  211  200  187  173  155
     5.0-180.0 180.0   5.0 450.0                            LAT/LON1/LON2/DLON/H
  167  148  129  114  101   92   83   79   75   72   70   69   69   70   65   62
   61   67   72   81   88   91   91   90   90   83   76   71   65   61   65   72
   72   61   56   55   60   73   87  101  112  124  136  147  161  173  186  200
  201  213  221  223  223  224  229  235  239  239  235  234  233  235  236  237
  238  237  233  227  218  208  197  184  167
     2.5-180.0 180.0   5.0 450.0                            LAT/LON1/LON2/DLON/H
  179  160  141  123  109   98   85   81   76   72   72   72   73   73   70   66
   65   69   73   83   91   94   94   93   93   86   76   69   65   64   68   76
   76   66   61   61   67   80   94  105  115  126  137  147  159  170  182  193
  197  209  217  222  226  231  239  246  254  257  257  256  256  257  257  256
  254  251  246  239  230  220  209  196  179
