src/simulator/resources/gnss/igsg0060.10i
     1.0            IONOSPHERE MAPS     MIX                 IONEX VERSION / TYPE
cmpcmb v1.2          GRL/UWM            20-jan-10 08:13     PGM / RUN BY / DATE 
ionex file containing IGS COMBINED Ionosphere maps          COMMENT             
global ionosphere maps for day 006, 2010                    DESCRIPTION         
IONEX file containing the COMBINED IGS TEC MAPS and DCBs    DESCRIPTION         
      IONEX files of the following IAACs were combined: cod DESCRIPTION         
                                                        jpl DESCRIPTION         
                                                        upc DESCRIPTION         
Contact address: Andrzej Krankowski                         DESCRIPTION
                 Geodynamics Research Laboratory            DESCRIPTION
                 University of Warmia and Mazury (GRL/UWM)  DESCRIPTION
                 Oczapowski St. 1                           DESCRIPTION
                 10-957-Olsztyn, POLAND                     DESCRIPTION
                 e-mail:  kand@uwm.edu.pl                   DESCRIPTION
                                                            DESCRIPTION
  2010     1     6     0     0     0                        EPOCH OF FIRST MAP  
  2010     1     7     0     0     0                        EPOCH OF LAST MAP   
  7200                                                      INTERVAL            
    13                                                      # OF MAPS IN FILE   
  COSZ                                                      MAPPING FUNCTION    
     0.0                                                    ELEVATION CUTOFF    
combined TEC calculated as weighted mean of input TEC valuesOBSERVABLES USED    
   308                                                      # OF STATIONS       
    32                                                      # OF SATELLITES     
  6371.0                                                    BASE RADIUS         
     2                                                      MAP DIMENSION       
   450.0 450.0   0.0                                        HGT1 / HGT2 / DHGT  
    87.5 -87.5  -2.5                                        LAT1 / LAT2 / DLAT  
  -180.0 180.0   5.0                                        LON1 / LON2 / DLON  
    -1                                                      EXPONENT            
TEC values in 0.1 tec units;  9999, if no value available   COMMENT             
DCB values in nanoseconds, reference is Sum_of_SatDCBs = 0  COMMENT             
                                                            END OF HEADER       
[from data line 3861]
    10                                                      START OF TEC MAP    
  2010     1     6    18     0     0                        EPOCH OF CURRENT MAP
    87.5-180.0 180.0   5.0 450.0                            LAT/LON1/LON2/DLON/H
   19   19   19   19   19   19   21   21   21   21   22   22   22   22   22   22
   22   22   22   22   22   22   21   21   21   21   21   21   21   20   18   18
   18   18   18   18   18   18   18   18   18   18   18   18   18   18   18   18
   17   17   17   17   17   17   17   17   17   17   17   17   18   18   18   18
   18   18   18   19   19   19   19   19   19
    85.0-180.0 180.0   5.0 450.0                            LAT/LON1/LON2/DLON/H
   20   20   20   20   20   20   22   22   22   22   22   22   22   21   21   22
   22   22   22   22   22   22   22   21   21   20   20   20   20   20   19   19
   20   20   20   20   20   20   20   20   20   19   19   19   20   20   19   19
   17   17   17   17   17   17   17   17   17   17   17   17   17   17   17   18
   18   18   18   19   19   19   19   19   20
    82.5-180.0 180.0   5.0 450.0                            LAT/LON1/LON2/DLON/H
   21   21   21   21   21   21   23   23   23   24   24   24   24   24   23   23
   21   21   20   20   21   21   21   21   21   21   22   24   23   23   22   22
   22   22   22   22   22   22   22   22   22   21   21   20   19   19   19   19
   18   18   18   18   17   17   17   16   16   16   16   17   17   17   17   17
   18   19   19   19   19   20   20   21   21
    80.0-180.0 180.0   5.0 450.0                            LAT/LON1/LON2/DLON/H
   20   21   21   21   22   23   25   25   25   25   25   25   25   24   23   23
   23   23   23   23   22   20   21   23   23   26   28   28   28   27   24   24
   23   23   22   22   22   21   21   21   21   22   21   20   19   19   19   19
   18   18   18   18   18   18   17   17   16   16   16   16   17   17   18   18
   18   19   19   20   20   20   20   20   20
    77.5-180.0 180.0   5.0 450.0                            LAT/LON1/LON2/DLON/H
   20   20   20   21   22   22   24   26   25   25   26   27   28   26   26   26
   25   24   22   24   25   25   28   28   19    8   25   29   29   29   26   25
   24   23   23   24   24   23   22   21   21   21   21   21   20   20   19   20
   18   18   18   18   18   17   17   17   16   16   16   16   16   17   17   17
   17   19   19   19   20   20   20   20   20
    75.0-180.0 180.0   5.0 450.0                            LAT/LON1/LON2/DLON/H
   19   19   19   19   20   21   22   21   23   25   26   27   27   28   29   30
   30   30   31   28   29   31   31   32   28   22   26   22   29   30   29   27
   25   23   22   21   22   22   22   21   21   21   21   21   21   20   20   20
   19   19   19   18   18   18   17   17   16   16   16   16   16   16   16   17
   17   17   18   18   19   19   19   19   19
    72.5-180.0 180.0   5.0 450.0                            LAT/LON1/LON2/DLON/H
   19   19   19   19   19   19   19   20   22   24   25   27   28   30   32   34
   36   36   34   34   36   37   35   36   34   22   21   30   33   32   30   27
   26   24   22   22   22   22   22   21   22   21   22   21   21   20   20   20
   19   18   19   19   19   19   18   18   17   17   17   18   17   16   16   16
   16   17   17   18   18   19   19   19   19
    70.0-180.0 180.0   5.0 450.0                            LAT/LON1/LON2/DLON/H
   19   19   18   18   18   18   19   20   21   22   24   27   29   33   37   39
   40   42   42   42   44   44   42   39   39   35   29   32   32   32   32   29
   27   24   23   23   23   22   22   22   22   22   22   21   21   20   19   18
   18   18   18   19   20   21   20   20   19   19   20   20   19   17   16   15
   16   16   17   18   18   19   19   19   19
    67.5-180.0 180.0   5.0 450.0                            LAT/LON1/LON2/DLON/H
   21   20   20   19   19   20   21   21   21   23   26   30   34   38   41   44
   47   49   51   51   52   52   49   46   44   41   39   38   36   34   36   34
   31   28   25   25   25   24   23   22   23   24   24   23   22   21   20   18
   17   18   20   21   23   24   23   22   22   22   22   22   22   18   17   16
   16   17   18   19   20   20   20   20   21
    65.0-180.0 180.0   5.0 450.0                            LAT/LON1/LON2/DLON/H
   24   23   23   23   23   23   23   23   25   28   31   36   39   43   47   50
   53   55   57   57   59   59   55   53   52   47   46   45   43   41   41   38
   37   33   27   26   27   26   24   23   25   26   27   26   25   23   22   20
   20   21   23   25   26   27   27   26   26   26   26   26   25   23   21   20
   20   20   20   20   21   22   23   23   24
    62.5-180.0 180.0   5.0 450.0                            LAT/LON1/LON2/DLON/H
   27   27   28   28   27   28   27   28   31   33   38   41   45   49   53   55
   59   60   62   62   64   65   62   59   58   54   51   51   49   49   47   42
   41   37   29   26   27   26   25   25   27   29   30   30   29   28   27   26
   27   28   30   32   33   34   34   33   32   32   33   33   32   30   28   26
   26   25   24   24   24   26   26   27   27
    60.0-180.0 180.0   5.0 450.0                            LAT/LON1/LON2/DLON/H
   32   32   32   33   33   34   31   33   36   38   43   47   51   54   58   60
   62   63   64   66   68   69   66   64   63   60   58   57   54   54   50   44
   44   39   32   28   27   26   25   27   30   34   35   35   36   35   35   34
   35   36   39   41   42   42   42   41   41   40   42   42   41   39   36   33
   32   32   31   30   30   30   30   31   32
    57.5-180.0 180.0   5.0 450.0                            LAT/LON1/LON2/DLON/H
   37   38   39   38   39   40   36   40   41   44   48   54   57   60   63   65
   65   67   68   70   72   71   70   70   70   66   63   60   58   57   54   47
   44   40   35   31   29   28   28   32   36   38   41   43   42   43   43   43
   45   46   48   49   50   49   49   48   49   49   50   50   48   46   42   39
   39   39   38   36   36   35   36   36   37
    55.0-180.0 180.0   5.0 450.0                            LAT/LON1/LON2/DLON/H
   38   40   40   40   41   42   43   46   48   52   56   61   63   67   70   71
   72   73   73   72   71   69   67   67   67   64   62   61   58   57   52   46
   39   33   29   26   24   23   26   30   34   37   39   40   41   41   42   44
   46   49   50   51   52   50   49   49   50   51   51   52   51   48   45   43
   44   45   44   41   39   38   37   37   38
    52.5-180.0 180.0   5.0 450.0                            LAT/LON1/LON2/DLON/H
   40   42   43   44   46   48   49   52   55   60   64   67   70   72   74   76
   76   77   76   75   74   73   71   70   72   71   69   66   64   60   53   46
   40   34   30   28   28   29   32   36   41   44   46   49   49   51   53   53
   55   56   56   57   56   54   53   52   52   53   53   54   54   53   50   49
   48   48   45   44   43   41   40   39   40
    50.0-180.0 180.0   5.0 450.0                            LAT/LON1/LON2/DLON/H
   41   43   45   47   50   53   54   58   62   66   70   73   76   76   77   79
   80   81   80   80   78   76   75   75   77   78   77   75   71   68   57   49
   42   37   33   32   32   34   39   44   48   51   53   55   57   60   61   61
   60   62   62   62   60   60   58   56   55   55   55   55   55   56   55   53
   50   48   44   44   44   42   41   41   41
    47.5-180.0 180.0   5.0 450.0                            LAT/LON1/LON2/DLON/H
   41   43   46   50   53   57   60   64   67   70   74   77   78   80   81   83
   84   86   85   84   83   81   80   81   84   86   86   86   81   75   64   53
   46   41   38   37   38   40   46   50   54   57   59   61   64   66   66   66
   65   65   66   66   66   65   63   60   58   57   56   56   56   57   56   55
   52   49   46   45   44   42   40   40   41
    45.0-180.0 180.0   5.0 450.0                            LAT/LON1/LON2/DLON/H
   39   42   47   51   56   60   62   68   71   73   76   78   81   83   85   86
   88   89   90   90   89   88   88   89   92   96   96   94   90   81   69   59
   51   47   44   43   44   47   52   57   60   62   65   67   69   71   70   70
   67   69   69   70   70   69   67   63   61   58   56   56   55   56   56   55
   54   52   49   46   44   40   36   37   39
    42.5-180.0 180.0   5.0 450.0                            LAT/LON1/LON2/DLON/H
   37   42   47   51   56   61   65   70   74   74   77   80   82   85   88   90
   93   95   96   97   96   96   97   98  101  104  104  100   95   85   75   66
   58   54   51   49   51   55   59   63   66   68   69   71   73   74   74   73
   71   72   72   73   73   71   68   64   62   59   56   55   56   56   55   56
   55   54   51   47   43   37   34   33   37
    40.0-180.0 180.0   5.0 450.0                            LAT/LON1/LON2/DLON/H
   35   40   45   51   56   62   67   72   75   77   78   81   85   88   91   94
   97  100  102  104  104  104  105  106  107  110  108  103   98   90   81   73
   67   64   60   57   58   61   65   68   71   73   74   75   76   77   76   75
   73   74   75   76   75   71   69   65   62   60   57   55   55   55   55   56
   56   56   53   49   43   37   33   32   35
    37.5-180.0 180.0   5.0 450.0                            LAT/LON1/LON2/DLON/H
   34   39   43   48   54   62   67   73   77   79   81   84   88   92   96   99
  102  106  108  110  111  111  111  112  112  113  112  107  101   94   88   83
   78   75   71   67   66   68   70   73   74   76   76   78   78   77   76   75
   73   73   74   74   73   70   68   64   62   59   57   55   54   53   53   55
   56   56   55   50   45   38   33   32   34
    35.0-180.0 180.0   5.0 450.0                            LAT/LON1/LON2/DLON/H
   34   37   40   46   53   60   67   74   78   81   84   87   91   96  100  104
  107  110  113  116  117  118  118  117  116  115  115  112  105  101   97   94
   92   89   83   77   74   74   75   76   78   78   79   80   80   79   77   74
   70   69   70   70   69   67   66   63   61   59   56   54   52   52   52   53
   55   56   54   50   45   38   34   33   34
    32.5-180.0 180.0   5.0 450.0                            LAT/LON1/LON2/DLON/H
   35   36   39   44   51   59   66   73   80   84   87   90   95  101  105  109
  111  114  116  120  122  123  123  121  118  117  116  114  112  110  108  108
  107  104   97   90   84   80   80   81   82   83   84   85   84   81   77   72
   67   65   66   65   65   64   63   62   61   60   57   55   53   51   51   52
   53   53   51   47   43   38   35   34   35
    30.0-180.0 180.0   5.0 450.0                            LAT/LON1/LON2/DLON/H
   36   37   40   44   51   58   64   72   80   86   91   94   99  105  110  112
  114  117  119  122  124  125  125  121  120  119  116  116  118  118  121  124
  124  121  114  105   96   88   86   86   87   89   90   90   88   83   77   71
   65   64   63   62   61   61   61   62   62   61   59   56   53   52   51   51
   51   51   48   44   42   39   37   36   36
    27.5-180.0 180.0   5.0 450.0                            LAT/LON1/LON2/DLON/H
   38   40   42   47   53   58   65   72   80   88   96   99  104  110  113  111
  114  118  120  122  124  124  124  121  121  120  117  120  127  130  138  142
  144  141  134  123  109   99   93   91   92   94   95   94   91   85   78   72
   67   66   65   62   59   58   58   62   62   61   59   56   54   52   51   51
   49   47   45   42   41   39   38   38   38
    25.0-180.0 180.0   5.0 450.0                            LAT/LON1/LON2/DLON/H
   40   43   46   51   56   61   66   73   83   92  101  105  109  114  114  111
  111  116  117  119  121  122  121  120  122  124  123  129  139  147  159  165
  168  166  158  145  126  112  102   98   98   98   98   98   93   87   80   75
   70   70   69   63   58   57   57   59   60   60   58   56   54   52   50   49
   47   44   42   40   39   38   38   39   40
    22.5-180.0 180.0   5.0 450.0                            LAT/LON1/LON2/DLON/H
   41   45   49   56   61   65   70   78   87   96  106  112  114  117  117  115
  112  113  112  115  117  120  121  122  127  132  135  143  155  166  182  189
  194  191  184  171  147  127  113  106  102  101  100  100   94   87   82   78
   75   74   72   66   60   56   55   55   56   56   55   55   53   51   49   47
   44   42   39   37   36   37   38   39   41
    20.0-180.0 180.0   5.0 450.0                            LAT/LON1/LON2/DLON/H
   43   47   53   61   67   72   77   85   93  103  111  118  119  121  121  120
  116  113  111  113  116  123  129  133  140  150  156  163  175  186  195  200
  210  216  210  214  197  155  137  121  108   99   93   89   82   77   79   79
   80   77   74   69   63   58   57   54   54   54   54   54   53   51   49   45
   42   40   37   35   36   37   38   40   43
    17.5-180.0 180.0   5.0 450.0                            LAT/LON1/LON2/DLON/H
   43   47   55   64   70   76   82   90  100  110  120  123  126  129  129  129
  123  118  113  113  116  124  134  143  152  166  177  184  199  211  223  231
  243  241  231  228  207  171  145  126  115  106  100   96   89   84   83   84
   84   81   77   72   67   61   59   54   53   54   53   54   53   50   48   45
   41   38   36   35   36   37   38   40   43
    15.0-180.0 180.0   5.0 450.0                            LAT/LON1/LON2/DLON/H
   44   50   58   68   76   81   86   95  107  117  128  133  134  140  141  140
  137  130  122  119  122  129  144  155  165  183  200  211  223  237  246  255
  259  253  241  229  202  172  148  131  120  111  106  101   94   92   92   91
   88   85   81   76   71   66   64   57   55   54   54   55   53   49   47   44
   40   37   36   35   36   37   38   40   44
    12.5-180.0 180.0   5.0 450.0                            LAT/LON1/LON2/DLON/H
   46   54   63   73   82   87   91   99  112  125  135  143  148  152  155  156
  153  143  135  132  132  141  155  167  175  196  216  231  245  250  250  259
  261  254  243  225  198  171  149  135  126  120  115  108  102   99  100   99
   90   87   83   77   72   68   66   58   55   54   54   55   53   49   46   42
   40   36   35   35   36   37   39   41   46
    10.0-180.0 180.0   5.0 450.0                            LAT/LON1/LON2/DLON/H
   50   58   69   79   87   93   97  104  118  131  143  154  162  167  169  170
  166  156  150  147  147  153  165  175  184  207  229  244  256  255  248  252
  255  252  238  219  200  174  156  142  132  128  126  120  111  110  107  104
   90   85   81   76   72   68   66   59   56   55   55   55   54   50   45   41
   38   36   35   35   35   37   40   43   50
     7.5-180.0 180.0   5.0 450.0                            LAT/LON1/LON2/DLON/H
   54   64   75   85   92   99  103  112  126  138  151  165  175  183  188  187
  183  176  170  169  167  172  182  190  199  219  240  254  259  254  248  248
  251  247  236  219  198  183  169  155  143  141  138  131  122  117  110  102
   91   83   79   75   71   67   66   61   60   59   59   58   55   50   45   41
   38   36   35   34   34   37   40   45   54
     5.0-180.0 180.0   5.0 450.0                            LAT/LON1/LON2/DLON/H
   58   69   80   91   98  105  112  121  135  147  160  176  188  201  209  208
  204  201  195  195  195  199  208  216  224  235  250  260  261  255  254  253
  254  248  237  221  206  196  185  172  161  157  148  138  129  118  108  101
   94   86   80   76   73   67   67   65   65   65   63   62   59   52   47   43
   41   38   36   35   35   38   42   49   58
     2.5-180.0 180.0   5.0 450.0                            LAT/LON1/LON2/DLON/H
   63   74   85   95  104  112  119  131  143  154  168  185  201  218  230  231
  225  221  220  221  221  227  235  242  249  253  260  266  264  260  265  264
  264  256  247  235  223  216  204  191  179  168  153  142  132  119  110  108
  104   94   86   81   79   73   74   72   72   71   69   67   63   57   51   48
   46   42   39   37   36   39   45   52   63
