src/sim/resources/gnss/igsg0070.10i
     1.0            IONOSPHERE MAPS     MIX                 IONEX VERSION / TYPE
cmpcmb v1.2          GRL/UWM            20-jan-10 08:17     PGM / RUN BY / DATE 
ionex file containing IGS COMBINED Ionosphere maps          COMMENT             
global ionosphere maps for day 007, 2010                    DESCRIPTION         
IONEX file containing the COMBINED IGS TEC MAPS and DCBs    DESCRIPTION         
      IONEX files of the following IAACs were combined: cod DESCRIPTION         
                                                        upc DESCRIPTION         
Contact address: Andrzej Krankowski                         DESCRIPTION
                 Geodynamics Research Laboratory            DESCRIPTION
                 University of Warmia and Mazury (GRL/UWM)  DESCRIPTION
                 Oczapowski St. 1                           DESCRIPTION
                 10-957-Olsztyn, POLAND                     DESCRIPTION
                 e-mail:  kand@uwm.edu.pl                   DESCRIPTION
                                                            DESCRIPTION
  2010     1     7     0     0     0                        EPOCH OF FIRST MAP  
  2010     1     8     0     0     0                        EPOCH OF LAST MAP   
  7200                                                      INTERVAL            
    13                                                      # OF MAPS IN FILE   
  COSZ                                                      MAPPING FUNCTION    
     0.0                                                    ELEVATION CUTOFF    
combined TEC calculated as weighted mean of input TEC valuesOBSERVABLES USED    
   258                                                      # OF STATIONS       
    32                                                      # OF SATELLITES     
  6371.0                                                    BASE RADIUS         
     2                                                      MAP DIMENSION       
   450.0 450.0   0.0                                        HGT1 / HGT2 / DHGT  
    87.5 -87.5  -2.5                                        LAT1 / LAT2 / DLAT  
  -180.0 180.0   5.0                                        LON1 / LON2 / DLON  
    -1                                                      EXPONENT            
TEC values in 0.1 tec units;  9999, if no value available   COMMENT             
DCB values in nanoseconds, reference is Sum_of_SatDCBs = 0  COMMENT             
                                                            END OF HEADER       
[from data line 3861]
    10                                                      START OF TEC MAP    
  2010     1     7    18     0     0                        EPOCH OF CURRENT MAP
    87.5-180.0 180.0   5.0 450.0                            LAT/LON1/LON2/DLON/H
   26   26   26   26   26   26   26   26   26   26   26   27   27   27   27   27
   27   27   27   27   27   27   28   28   28   27   27   27   27   27   27   27
   26   26   26   26   26   26   26   26   26   26   26   26   26   26   26   26
   26   26   26   26   26   26   26   26   26   26   26   26   26   26   26   26
   26   26   26   26   26   26   26   26   26
    85.0-180.0 180.0   5.0 450.0                            LAT/LON1/LON2/DLON/H
   23   23   23   23   23   23   23   23   23   23   24   24   25   25   25   27
   27   27   27   27   27   28   28   28   28   28   28   27   27   29   28   28
   28   28   28   27   27   27   27   26   26   26   26   25   25   25   25   25
   25   25   25   25   25   25   25   25   25   25   25   25   25   25   24   24
   24   24   24   24   24   24   23   23   23
    82.5-180.0 180.0   5.0 450.0                            LAT/LON1/LON2/DLON/H
   20   20   20   20   20   20   20   20   21   21   21   22   22   23   24   25
   25   26   27   27   28   28   28   29   29   29   29   29   29   29   29   29
   28   28   28   26   26   24   24   22   22   22   21   21   22   22   22   23
   23   24   24   25   24   24   24   23   23   22   22   22   22   22   22   22
   22   22   22   21   21   21   21   20   20
    80.0-180.0 180.0   5.0 450.0                            LAT/LON1/LON2/DLON/H
   18   18   17   17   17   17   18   17   18   18   19   20   21   23   24   25
   26   28   28   30   31   29   29   31   31   32   32   31   31   30   28   28
   27   26   25   25   24   23   22   22   21   21   20   21   20   21   21   21
   22   22   23   23   23   22   21   21   20   20   20   19   19   19   19   19
   19   19   19   19   18   18   18   18   18
    77.5-180.0 180.0   5.0 450.0                            LAT/LON1/LON2/DLON/H
   15   14   14   14   14   14   14   15   16   17   18   19   21   23   24   25
   27   27   29   33   34   36   37   38   36   32   33   33   32   31   29   27
   26   23   22   22   21   20   19   18   19   19   19   19   19   20   20   21
   21   21   21   21   20   20   19   18   18   18   17   17   17   17   18   18
   18   17   17   17   16   16   16   15   15
    75.0-180.0 180.0   5.0 450.0                            LAT/LON1/LON2/DLON/H
   13   13   13   12   12   12   13   12   13   16   18   19   20   23   26   29
   32   33   36   37   41   42   40   42   39   37   35   33   32   31   29   27
   24   21   19   18   18   17   17   16   16   16   18   17   18   18   20   19
   20   20   19   19   19   18   17   16   16   15   15   14   15   16   17   17
   17   16   16   16   16   16   15   14   13
    72.5-180.0 180.0   5.0 450.0                            LAT/LON1/LON2/DLON/H
   13   13   12   11   11   10   10   11   13   14   15   17   21   25   29   32
   34   39   42   45   48   47   44   43   42   37   34   34   33   30   27   25
   23   20   18   17   16   16   15   15   15   15   16   17   17   18   19   19
   20   19   19   18   18   18   17   16   15   14   14   14   14   15   16   17
   17   17   17   17   17   16   15   14   13
    70.0-180.0 180.0   5.0 450.0                            LAT/LON1/LON2/DLON/H
   15   14   12   11   10   10   10   11   12   14   16   18   23   28   33   36
   41   46   50   52   55   53   50   47   45   40   36   34   32   31   28   25
   23   21   20   19   17   16   15   14   14   14   15   17   18   19   20   20
   21   20   20   19   19   19   17   16   15   14   14   13   14   15   15   17
   18   18   19   19   18   18   17   16   15
    67.5-180.0 180.0   5.0 450.0                            LAT/LON1/LON2/DLON/H
   17   16   14   13   12   12   12   13   14   16   19   23   28   33   37   43
   48   54   59   59   61   60   55   51   49   44   40   37   34   33   32   30
   27   26   23   22   19   16   15   14   14   14   16   17   19   20   21   21
   22   22   22   21   20   20   19   18   17   16   15   15   15   15   16   17
   20   21   21   21   20   19   19   18   17
    65.0-180.0 180.0   5.0 450.0                            LAT/LON1/LON2/DLON/H
   21   19   18   17   16   16   16   17   19   22   25   29   34   39   44   49
   56   61   65   66   67   66   60   55   54   49   44   41   40   38   37   34
   32   31   27   23   22   17   15   14   14   15   16   18   20   21   22   22
   23   23   23   23   22   21   20   20   19   19   19   18   18   18   18   19
   22   23   23   22   21   22   22   21   21
    62.5-180.0 180.0   5.0 450.0                            LAT/LON1/LON2/DLON/H
   25   23   22   21   20   20   21   23   25   29   33   37   41   46   51   56
   63   66   70   71   72   71   65   59   57   52   48   46   45   44   42   39
   37   34   30   24   22   18   15   13   14   15   16   18   21   22   23   23
   25   25   25   25   24   23   23   23   23   24   24   25   25   24   23   23
   24   25   25   23   23   25   25   25   25
    60.0-180.0 180.0   5.0 450.0                            LAT/LON1/LON2/DLON/H
   28   27   26   25   24   24   26   29   32   36   40   45   48   52   58   62
   67   70   73   74   75   73   68   62   60   55   52   51   49   49   45   41
   40   35   30   26   24   19   16   15   15   17   18   20   22   24   24   25
   27   27   28   28   27   27   27   28   30   31   33   33   34   34   32   30
   29   29   29   29   28   28   28   28   28
    57.5-180.0 180.0   5.0 450.0                            LAT/LON1/LON2/DLON/H
   32   31   30   29   28   29   31   35   39   43   48   53   55   59   63   67
   71   74   76   77   77   73   69   65   63   59   57   55   53   53   49   41
   40   35   32   29   25   22   20   20   20   20   22   24   25   27   27   29
   30   31   32   32   31   32   32   35   37   39   42   43   44   43   41   39
   37   35   35   34   34   33   33   32   32
    55.0-180.0 180.0   5.0 450.0                            LAT/LON1/LON2/DLON/H
   34   33   32   31   32   34   37   42   46   50   55   59   61   64   68   71
   75   78   79   79   78   75   70   67   66   65   62   62   57   55   52   45
   41   36   34   32   29   26   25   25   27   27   28   29   30   32   34   34
   35   36   37   37   36   37   38   42   44   47   49   51   52   51   49   48
   46   44   42   40   40   38   37   34   34
    52.5-180.0 180.0   5.0 450.0                            LAT/LON1/LON2/DLON/H
   36   35   34   34   36   39   43   47   52   57   61   64   66   68   71   74
   77   80   81   81   79   77   72   69   69   70   69   68   64   61   57   48
   43   40   37   36   34   32   32   32   33   34   35   35   36   39   39   40
   41   42   43   43   43   45   47   49   51   53   56   57   57   58   58   57
   54   51   47   45   44   42   40   38   36
    50.0-180.0 180.0   5.0 450.0                            LAT/LON1/LON2/DLON/H
   39   38   37   38   40   44   47   52   57   61   65   68   71   72   74   77
   79   82   83   83   81   79   76   74   75   77   78   76   73   70   64   53
   47   44   41   40   38   38   38   40   40   41   42   41   44   45   45   44
   45   48   49   50   51   54   54   57   58   59   61   62   62   63   64   61
   57   52   47   45   44   43   43   41   39
    47.5-180.0 180.0   5.0 450.0                            LAT/LON1/LON2/DLON/H
   41   40   40   41   43   48   53   57   61   63   67   70   73   75   78   80
   82   85   86   86   86   83   82   81   83   86   88   89   85   80   73   57
   52   49   47   45   42   43   44   46   48   49   48   49   51   51   50   49
   50   52   55   57   59   62   62   63   64   65   64   64   65   65   63   60
   56   51   46   44   42   42   42   42   41
    45.0-180.0 180.0   5.0 450.0                            LAT/LON1/LON2/DLON/H
   39   40   41   43   45   49   55   61   63   65   68   71   75   79   81   83
   86   88   89   91   91   91   90   91   93   96   98  100   95   87   78   65
   58   54   52   49   47   47   50   52   55   55   55   56   57   56   54   54
   54   57   60   63   66   67   67   67   66   65   63   63   63   61   59   56
   54   50   45   42   40   38   38   39   39
    42.5-180.0 180.0   5.0 450.0                            LAT/LON1/LON2/DLON/H
   36   38   40   42   46   51   57   63   66   68   70   73   77   82   85   87
   90   92   95   97   99  100  100  101  101  104  106  106  100   91   81   71
   64   61   58   54   52   53   56   58   59   61   60   62   62   61   59   58
   59   61   64   67   69   70   69   67   64   62   61   61   60   58   54   51
   50   47   43   39   36   34   34   35   36
    40.0-180.0 180.0   5.0 450.0                            LAT/LON1/LON2/DLON/H
   33   35   38   41   45   51   57   64   68   69   72   75   79   84   89   92
   95   98  101  105  108  109  110  109  109  111  111  109  102   93   85   77
   71   69   66   60   58   58   59   62   63   65   66   66   66   64   62   62
   62   64   66   69   70   69   67   64   61   60   60   59   57   54   50   48
   46   44   41   38   35   31   30   32   33
    37.5-180.0 180.0   5.0 450.0                            LAT/LON1/LON2/DLON/H
   30   32   35   39   44   50   55   63   70   72   75   78   83   87   92   97
  100  104  108  112  116  118  117  116  114  114  115  112  102   95   90   84
   79   78   73   67   64   63   63   65   66   67   68   68   68   65   64   63
   63   63   65   67   67   65   64   60   59   58   57   56   53   50   47   45
   44   43   41   38   34   30   27   28   30
    35.0-180.0 180.0   5.0 450.0                            LAT/LON1/LON2/DLON/H
   28   29   32   37   42   48   53   62   70   75   78   82   86   90   94  101
  107  112  115  120  123  125  123  120  117  115  116  113  103   97   97   92
   90   88   82   75   71   68   68   67   68   69   69   69   68   66   65   63
   60   60   61   62   61   60   60   57   56   55   54   52   50   48   46   44
   43   44   41   38   34   29   26   27   28
    32.5-180.0 180.0   5.0 450.0                            LAT/LON1/LON2/DLON/H
   27   28   30   34   41   48   54   63   72   78   82   85   90   93   98  105
  112  117  121  126  129  130  127  123  118  114  113  111  106  103  103  103
  102   98   91   85   80   74   72   71   72   72   72   72   70   68   65   61
   59   57   57   57   57   57   56   56   56   55   54   52   50   48   47   45
   45   44   42   39   35   30   28   27   27
    30.0-180.0 180.0   5.0 450.0                            LAT/LON1/LON2/DLON/H
   29   29   30   34   41   49   56   64   73   81   87   89   92   96  100  110
  115  121  126  130  132  133  129  123  118  114  111  111  109  109  110  112
  111  107  102   97   90   83   78   77   77   78   77   75   73   70   65   62
   59   58   56   56   56   56   57   58   59   58   56   54   51   49   49   48
   47   46   43   40   37   34   31   29   29
    27.5-180.0 180.0   5.0 450.0                            LAT/LON1/LON2/DLON/H
   32   31   33   37   43   51   58   64   73   83   92   95   96   98  103  113
  116  123  129  130  132  131  127  122  117  115  113  114  115  119  122  123
  124  121  116  112  102   92   86   84   83   86   84   78   76   73   69   66
   63   63   62   60   58   59   60   62   62   61   59   56   53   52   52   51
   50   48   45   43   39   36   34   33   32
    25.0-180.0 180.0   5.0 450.0                            LAT/LON1/LON2/DLON/H
   34   35   37   42   49   55   61   67   75   84   95   99   99  101  105  113
  115  121  126  128  127  127  123  121  119  119  119  123  127  134  140  142
  144  141  137  130  115  105   97   94   90   91   92   83   80   77   75   73
   71   72   73   66   63   63   64   66   65   64   60   57   55   55   55   55
   52   49   46   43   40   38   36   35   34
    22.5-180.0 180.0   5.0 450.0                            LAT/LON1/LON2/DLON/H
   37   38   42   49   55   61   66   71   77   86   98  103  104  104  104  109
  112  116  119  120  120  120  121  122  124  127  130  136  144  154  166  171
  174  169  159  151  133  119  111  104   98   94   94   88   84   82   81   81
   79   81   79   74   68   66   67   68   67   64   60   57   55   55   56   57
   55   51   46   43   40   39   38   37   37
    20.0-180.0 180.0   5.0 450.0                            LAT/LON1/LON2/DLON/H
   38   40   45   53   60   65   71   76   81   90  100  107  110  109  106  110
  112  113  113  112  112  115  120  127  133  142  149  156  165  177  193  202
  205  197  185  173  154  134  123  112  102   98   97   94   89   86   86   87
   85   83   80   74   69   67   68   68   67   63   59   57   56   56   57   58
   55   50   45   42   41   40   39   38   38
    17.5-180.0 180.0   5.0 450.0                            LAT/LON1/LON2/DLON/H
   39   41   47   56   63   69   74   80   86   95  103  111  115  116  113  116
  116  115  112  110  109  114  123  134  145  159  169  177  190  201  218  227
  229  220  206  191  167  146  131  115  105   99   98   95   89   86   86   87
   86   83   78   73   69   68   68   66   66   61   58   58   57   57   58   57
   53   49   45   43   42   41   40   40   39
    15.0-180.0 180.0   5.0 450.0                            LAT/LON1/LON2/DLON/H
   40   43   49   58   66   72   78   84   91   98  109  117  121  124  123  124
  125  123  118  115  114  119  131  145  159  177  191  199  211  223  233  240
  240  232  220  203  177  153  133  116  104   97   94   90   85   83   83   84
   83   80   75   72   69   68   68   64   62   58   57   58   58   57   58   56
   53   49   46   45   43   42   41   40   40
    12.5-180.0 180.0   5.0 450.0                            LAT/LON1/LON2/DLON/H
   42   45   51   60   69   76   83   88   95  104  113  122  130  135  138  138
  138  134  129  126  125  131  142  156  171  191  209  222  233  235  235  241
  241  236  225  208  181  156  134  116  102   94   89   85   80   79   80   80
   79   77   72   67   66   65   64   59   57   54   55   58   57   57   57   54
   51   48   47   47   45   43   43   41   42
    10.0-180.0 180.0   5.0 450.0                            LAT/LON1/LON2/DLON/H
   45   48   54   62   71   79   86   93  100  108  117  129  139  148  154  154
  153  149  144  143  142  146  154  164  180  201  221  237  243  237  231  234
  235  234  224  207  184  158  137  119  102   91   86   82   78   77   76   75
   73   71   67   62   60   58   57   51   51   51   53   56   57   57   56   53
   50   48   48   48   46   45   44   43   45
     7.5-180.0 180.0   5.0 450.0                            LAT/LON1/LON2/DLON/H
   48   51   57   65   73   82   90   98  106  114  123  136  149  161  170  172
  170  169  167  168  167  169  173  178  192  212  229  242  242  235  229  228
  231  229  220  204  182  161  142  123  106   94   86   83   79   76   74   70
   68   66   63   60   57   48   46   44   47   50   53   56   57   58   56   52
   50   48   45   44   45   45   44   45   48
     5.0-180.0 180.0   5.0 450.0                            LAT/LON1/LON2/DLON/H
   51   55   60   68   75   84   94  103  111  119  130  145  160  177  189  192
  192  193  194  198  196  198  198  202  212  223  233  242  242  236  232  229
  230  227  217  202  183  164  148  130  113  100   92   87   82   79   77   71
   68   65   64   62   58   51   48   46   49   53   56   59   60   61   58   53
   50   49   42   38   41   44   44   48   51
     2.5-180.0 180.0   5.0 450.0                            LAT/LON1/LON2/DLON/H
   55   60   66   72   79   88   98  108  118  126  136  152  170  191  207  212
  213  215  222  227  227  226  223  227  232  234  236  242  243  239  237  235
  235  232  222  207  188  171  154  137  123  110  100   94   90   87   84   80
   76   72   71   71   68   61   57   55   56   59   63   64   65   64   60   55
   52   49   41   35   39   41   45   49   55
