src/sim/resources/gnss/igsg0070.10i
     1.0            IONOSPHERE MAPS     MIX                 IONEX VERSION / TYPE
cmpcmb v1.2          GRL/UWM            20-jan-10 08:17     PGM / RUN BY / DATE 
ionex file containing IGS COMBINED Ionosphere maps          COMMENT             
global ionosphere maps for day 007, 2010                    DESCRIPTION         
IONEX file containing the COMBINED IGS TEC MAPS and DCBs    DESCRIPTION         
      IONEX files of the following IAACs were combined: cod DESCRIPTION         
                                                        upc DESCRIPTION         
Contact address: Andrzej Krankowski                         DESCRIPTION
                 Geodynamics Research Laboratory            DESCRIPTION
                 University of Warmia and Mazury (GRL/UWM)  DESCRIPTION
                 Oczapowski St. 1                           DESCRIPTION
                 10-957-Olsztyn, POLAND                     DESCRIPTION
                 e-mail:  kand@uwm.edu.pl                   DESCRIPTION
                                                            DESCRIPTION
  2010     1     7     0     0     0                        EPOCH OF FIRST MAP  
  2010     1     8     0     0     0                        EPOCH OF LAST MAP   
  7200                                                      INTERVAL            
    13                                                      # OF MAPS IN FILE   
  COSZ                                                      MAPPING FUNCTION    
     0.0                                                    ELEVATION CUTOFF    
combined TEC calculated as weighted mean of input TEC valuesOBSERVABLES USED    
   258                                                      # OF STATIONS       
    32                                                      # OF SATELLITES     
  6371.0                                                    BASE RADIUS         
     2                                                      MAP DIMENSION       
   450.0 450.0   0.0                                        HGT1 / HGT2 / DHGT  
    87.5 -87.5  -2.5                                        LAT1 / LAT2 / DLAT  
  -180.0 180.0   5.0                                        LON1 / LON2 / DLON  
    -1                                                      EXPONENT            
TEC values in 0.1 tec units;  9999, if no value available   COMMENT             
DCB values in nanoseconds, reference is Sum_of_SatDCBs = 0  COMMENT             
                                                            END OF HEADER       
[from data line 5148]
    13                                                      START OF TEC MAP    
  2010     1     8     0     0     0                        EPOCH OF CURRENT MAP
    87.5-180.0 180.0   5.0 450.0                            LAT/LON1/LON2/DLON/H
   22   22   22   22   22   22   22   22   22   22   21   21   22   21   22   21
   21   20   20   20   19   18   17   17   16   16   15   15   15   14   14   14
   14   14   14   14   14   14   14   14   14   14   14   14   14   15   15   15
   15   15   16   17   17   17   18   18   18   19   19   19   20   20   20   20
   20   20   20   21   21   21   21   22   22
    85.0-180.0 180.0   5.0 450.0                            LAT/LON1/LON2/DLON/H
   23   23   23   23   24   24   24   24   24   25   24   24   24   24   24   24
   23   23   22   22   21   19   17   15   14   13   12   12   12   12   12   11
   11   11   11   11   11   11   11   11   11   12   11   12   12   12   13   14
   15   15   16   16   18   18   19   19   19   19   20   20   20   21   21   21
   22   22   22   23   23   23   23   23   23
    82.5-180.0 180.0   5.0 450.0                            LAT/LON1/LON2/DLON/H
   23   24   25   26   27   29   30   30   30   30   29   28   27   27   26   26
   25   24   24   22   22   21   17   14   13   13   13   12   12   11   11   10
   10   10   10   10   10    9    9    9    9   10   10   10   11   12   12   13
   13   15   17   18   19   19   20   20   20   20   20   20   20   20   21   21
   22   22   22   22   22   23   23   22   23
    80.0-180.0 180.0   5.0 450.0                            LAT/LON1/LON2/DLON/H
   25   27   29   30   31   31   32   32   32   31   31   30   29   28   26   26
   24   23   22   21   19   19   18   16   13   11   10   10   10   10   10   10
   10   10   10   10   10   11   10   10   10   10   10   11   12   12   12   13
   15   17   18   19   20   20   20   20   20   20   20   20   20   20   21   21
   21   22   22   22   22   22   22   24   25
    77.5-180.0 180.0   5.0 450.0                            LAT/LON1/LON2/DLON/H
   27   30   31   33   34   34   35   35   35   34   33   31   29   28   27   26
   25   24   23   21   21   21   19   17   15   14   13   12   12   12   11   12
   13   13   14   13   13   12   11   11   11   11   12   13   14   14   14   14
   15   16   17   19   19   19   19   19   19   20   20   20   20   20   20   21
   22   23   22   22   23   23   24   26   27
    75.0-180.0 180.0   5.0 450.0                            LAT/LON1/LON2/DLON/H
   31   33   34   35   36   37   36   36   36   34   31   29   28   27   27   26
   24   23   23   24   24   24   22   20   18   17   15   13   12   12   11   11
   11   12   13   14   15   15   15   15   14   14   14   15   16   16   15   15
   16   17   17   17   16   16   17   17   19   19   20   20   20   22   22   23
   26   27   25   25   24   25   26   28   31
    72.5-180.0 180.0   5.0 450.0                            LAT/LON1/LON2/DLON/H
   36   38   39   40   40   41   40   39   37   35   32   29   27   26   23   22
   23   24   26   26   27   27   25   24   21   18   16   14   12   11   10   11
   11   12   13   15   16   16   17   17   18   18   17   17   18   17   16   16
   17   17   15   13   14   14   15   15   17   19   20   21   23   24   26   28
   31   30   30   30   29   30   32   33   36
    70.0-180.0 180.0   5.0 450.0                            LAT/LON1/LON2/DLON/H
   42   44   45   46   46   46   45   43   40   36   33   29   26   23   21   21
   22   24   26   28   30   30   29   28   24   21   17   15   13   12   11   12
   12   14   16   18   19   17   18   19   18   18   19   19   19   19   17   17
   18   17   14   10   11   12   13   15   17   19   21   22   26   27   29   34
   35   35   36   36   36   38   38   41   42
    67.5-180.0 180.0   5.0 450.0                            LAT/LON1/LON2/DLON/H
   50   52   52   53   53   52   51   49   44   39   35   31   26   21   20   19
   21   23   27   30   31   32   31   29   25   22   18   16   13   13   15   15
   16   17   18   18   19   18   17   18   18   18   20   21   22   22   22   21
   20   19   15   11   12   13   14   15   16   19   21   24   28   31   35   38
   40   41   43   44   45   47   48   49   50
    65.0-180.0 180.0   5.0 450.0                            LAT/LON1/LON2/DLON/H
   59   60   59   59   59   58   57   53   49   44   38   32   27   23   19   19
   20   23   27   30   30   31   29   28   24   21   17   15   14   15   17   18
   19   19   18   17   17   17   17   17   17   19   22   25   26   27   28   26
   25   23   21   17   16   16   15   17   18   20   22   26   31   34   40   43
   46   48   50   53   55   57   57   59   59
    62.5-180.0 180.0   5.0 450.0                            LAT/LON1/LON2/DLON/H
   67   65   65   65   64   63   61   59   54   50   43   37   31   27   23   21
   21   23   27   28   28   28   28   25   21   18   16   14   15   17   19   20
   21   19   17   16   16   15   16   17   18   21   25   29   31   32   33   33
   32   28   27   24   22   20   19   19   19   21   24   29   33   39   43   47
   50   54   57   59   62   65   66   67   67
    60.0-180.0 180.0   5.0 450.0                            LAT/LON1/LON2/DLON/H
   72   69   69   68   68   67   66   63   59   54   49   43   37   33   27   24
   23   24   25   25   25   25   25   21   17   15   15   16   18   21   22   22
   23   20   18   17   17   16   16   18   22   25   29   33   36   38   40   39
   38   36   34   32   28   27   24   24   24   24   26   30   34   41   44   48
   51   56   61   64   67   73   76   75   72
    57.5-180.0 180.0   5.0 450.0                            LAT/LON1/LON2/DLON/H
   77   73   71   71   70   70   69   66   63   59   54   49   44   39   34   29
   27   26   25   24   23   22   19   16   16   17   18   18   22   24   25   25
   26   24   21   21   20   20   21   24   27   30   35   38   44   46   47   46
   45   42   40   38   34   32   30   29   29   30   31   33   36   42   46   49
   48   52   61   66   71   79   84   83   77
    55.0-180.0 180.0   5.0 450.0                            LAT/LON1/LON2/DLON/H
   81   79   75   74   73   72   72   69   67   63   59   56   51   45   40   35
   32   29   27   25   23   20   16   16   19   20   19   21   25   28   31   31
   30   28   26   27   27   28   28   31   33   37   41   46   49   53   54   53
   51   46   44   41   39   36   33   33   33   34   35   37   40   45   49   52
   48   50   58   67   73   83   87   86   81
    52.5-180.0 180.0   5.0 450.0                            LAT/LON1/LON2/DLON/H
   98   90   82   78   76   76   75   73   70   67   64   62   56   52   47   41
   37   33   30   27   23   19   18   18   21   21   22   28   32   37   39   40
   37   35   33   33   33   33   36   39   41   43   47   53   55   57   59   57
   52   48   45   43   42   39   37   36   36   37   38   40   43   47   52   55
   54   53   58   66   77   89   96   94   98
    50.0-180.0 180.0   5.0 450.0                            LAT/LON1/LON2/DLON/H
  115  106   92   85   82   82   80   76   73   71   68   66   62   57   52   46
   41   36   33   30   26   23   21   21   22   26   30   38   44   49   51   49
   46   43   40   37   38   39   41   45   46   49   52   55   57   58   60   57
   53   48   46   45   45   44   43   40   40   41   42   44   46   49   54   57
   57   57   60   66   78   93  113  117  115
    47.5-180.0 180.0   5.0 450.0                            LAT/LON1/LON2/DLON/H
  130  114  100   94   91   89   87   83   79   75   73   70   67   62   57   50
   44   40   37   36   33   31   30   31   34   39   44   51   57   62   61   56
   52   49   45   41   42   44   47   50   52   53   54   56   57   59   60   56
   53   49   48   48   49   50   49   46   44   46   46   48   51   52   56   58
   59   60   64   69   80   95  114  127  130
    45.0-180.0 180.0   5.0 450.0                            LAT/LON1/LON2/DLON/H
  123  110  107  103   99   99   96   89   83   80   77   76   73   68   61   54
   48   45   43   43   42   43   43   46   50   58   60   65   68   70   63   57
   54   52   48   45   46   49   52   54   56   57   57   58   60   61   60   58
   55   53   52   53   54   55   53   50   48   49   51   52   54   55   57   60
   61   63   68   76   84   91  102  119  123
    42.5-180.0 180.0   5.0 450.0                            LAT/LON1/LON2/DLON/H
  107  104  107  108  107  108  104   96   89   85   82   81   79   74   67   59
   53   51   50   51   53   56   58   60   66   76   76   77   77   75   64   57
   54   52   49   47   49   52   55   57   58   60   60   61   64   64   63   61
   59   57   56   56   58   57   54   51   50   51   53   55   57   57   58   61
   63   66   71   79   86   91   96  107  107
    40.0-180.0 180.0   5.0 450.0                            LAT/LON1/LON2/DLON/H
  102  102  104  107  111  112  109  102   96   91   88   86   84   80   73   66
   60   58   58   61   63   66   70   73   80   87   87   86   83   76   65   57
   55   54   51   50   51   55   58   59   59   60   61   63   65   67   66   64
   62   59   58   59   59   58   54   51   51   52   55   58   58   59   59   62
   65   68   73   80   85   91   92   99  102
    37.5-180.0 180.0   5.0 450.0                            LAT/LON1/LON2/DLON/H
   99   99   99  101  108  110  110  105  100   96   93   91   90   87   80   74
   68   66   66   68   71   73   78   83   89   92   94   92   86   76   66   61
   58   57   54   53   54   57   58   59   59   59   60   62   65   67   66   64
   62   60   59   59   59   58   54   51   51   53   57   60   60   61   61   64
   67   71   75   80   86   90   93   96   99
    35.0-180.0 180.0   5.0 450.0                            LAT/LON1/LON2/DLON/H
   98   97   95   94  100  106  107  106  103   99   97   95   95   93   88   84
   78   75   74   76   77   80   84   87   90   93   97   93   84   74   69   66
   63   59   57   57   57   58   58   58   58   58   60   63   65   65   64   63
   60   59   59   59   58   56   51   50   52   56   60   62   63   63   64   66
   70   74   78   82   86   91   94   97   98
    32.5-180.0 180.0   5.0 450.0                            LAT/LON1/LON2/DLON/H
   99   97   93   91   94  101  104  104  102  100   99   96   97   99   97   93
   88   83   82   83   83   86   87   86   86   91   94   90   82   74   72   70
   67   64   62   62   61   59   59   58   58   60   62   64   65   64   61   58
   56   55   56   57   55   52   49   50   54   59   64   66   67   67   68   71
   74   77   80   83   87   90   94   98   99
    30.0-180.0 180.0   5.0 450.0                            LAT/LON1/LON2/DLON/H
  101  100   99   96   97  101  103  102   98   97   96   96   98  101  102  101
   96   92   89   88   87   87   85   82   81   87   90   86   81   76   75   73
   71   69   67   65   64   61   59   58   58   60   62   63   62   60   56   53
   52   52   53   53   51   49   48   50   57   63   69   72   72   72   74   77
   80   82   84   86   88   90   94   98  101
    27.5-180.0 180.0   5.0 450.0                            LAT/LON1/LON2/DLON/H
  106  109  110  108  108  109  107  104   98   94   93   94   96  100  103  104
  101   97   94   90   86   84   79   76   74   79   82   80   79   79   79   76
   74   71   69   67   65   62   59   58   58   60   62   62   59   55   51   48
   47   47   49   49   47   47   48   53   60   68   74   78   79   80   81   85
   88   91   91   92   91   93   98  103  106
    25.0-180.0 180.0   5.0 450.0                            LAT/LON1/LON2/DLON/H
  122  127  132  132  129  126  122  115  105   97   93   92   92   94  100  104
  102   97   93   88   81   76   71   69   66   69   73   74   78   83   82   78
   76   73   71   68   66   62   59   58   57   58   60   60   57   52   48   45
   43   43   44   45   44   46   48   55   64   72   80   84   85   87   90   95
   98  101  102  103  102  102  107  114  122
    22.5-180.0 180.0   5.0 450.0                            LAT/LON1/LON2/DLON/H
  150  155  170  169  162  155  146  135  121  108  101   95   91   91   96  101
  101   95   89   83   75   70   66   63   61   62   67   71   76   83   83   79
   77   75   72   68   67   62   59   58   57   58   59   58   55   50   45   42
   41   41   41   41   42   43   47   54   64   75   82   87   89   92   99  104
  110  112  119  120  120  121  125  135  150
    20.0-180.0 180.0   5.0 450.0                            LAT/LON1/LON2/DLON/H
  190  203  211  215  205  190  180  163  142  126  117  105   97   92   94   98
   99   94   84   76   72   69   66   63   61   62   67   71   76   81   84   81
   78   76   73   68   67   62   59   57   56   58   58   57   53   49   45   42
   40   39   38   38   38   40   44   53   63   74   83   88   93   99  106  113
  121  126  137  141  146  149  156  176  190
    17.5-180.0 180.0   5.0 450.0                            LAT/LON1/LON2/DLON/H
  235  246  257  265  253  233  214  193  178  161  142  128  112  103   98   99
   99   93   83   73   70   71   71   70   67   70   73   79   80   83   84   82
   81   77   74   67   67   63   61   58   56   56   57   56   52   49   45   43
   40   39   38   37   36   37   41   50   62   74   84   90   98  106  115  125
  133  140  151  162  174  181  192  216  235
    15.0-180.0 180.0   5.0 450.0                            LAT/LON1/LON2/DLON/H
  264  273  287  296  288  270  253  240  222  201  179  159  135  121  110  107
  102   96   85   74   72   76   80   82   79   84   86   89   88   86   84   83
   81   77   74   67   67   63   62   59   56   56   55   55   53   49   46   44
   42   41   39   38   37   37   41   51   63   76   86   95  104  113  123  135
  146  157  167  183  197  207  220  244  264
    12.5-180.0 180.0   5.0 450.0                            LAT/LON1/LON2/DLON/H
  270  282  293  303  303  292  279  271  262  246  223  197  166  147  129  120
  110  103   90   80   79   84   90   93   93   99  100   98   94   87   84   82
   80   78   75   69   70   65   64   60   58   56   55   54   53   50   48   46
   45   44   42   39   37   37   41   51   64   77   88   98  108  118  131  143
  154  170  185  202  215  224  239  252  270
    10.0-180.0 180.0   5.0 450.0                            LAT/LON1/LON2/DLON/H
  265  274  282  291  296  293  286  286  286  279  260  233  201  181  154  140
  125  115  101   91   90   95  100  102  104  108  109  104   98   90   85   83
   81   80   76   70   70   66   66   63   60   57   56   54   53   51   49   48
   46   44   41   39   37   37   42   53   67   78   88   99  111  124  138  149
  160  176  197  215  228  235  245  256  265
     7.5-180.0 180.0   5.0 450.0                            LAT/LON1/LON2/DLON/H
  250  255  262  270  276  278  277  280  290  293  284  260  232  211  187  173
  153  139  122  112  107  109  113  113  116  116  114  109  101   94   90   89
   88   86   81   74   73   70   70   67   63   60   58   56   54   52   50   49
   46   43   39   37   36   38   44   56   70   82   93  104  116  129  142  153
  163  177  198  215  229  236  243  248  250
     5.0-180.0 180.0   5.0 450.0                            LAT/LON1/LON2/DLON/H
  233  233  236  243  247  252  255  265  278  289  288  277  259  239  225  205
  187  170  152  141  133  131  132  131  131  128  119  113  107  101   99   98
   98   96   89   81   79   77   75   71   67   63   60   58   55   52   49   47
   44   41   39   37   38   41   49   62   76   90  102  113  123  132  142  152
  164  176  192  207  222  230  236  237  233
     2.5-180.0 180.0   5.0 450.0                            LAT/LON1/LON2/DLON/H
  218  214  212  217  220  226  231  241  254  271  279  276  269  259  251  236
  218  202  185  175  165  160  157  151  147  139  127  119  113  110  110  112
  111  108  102   92   88   84   80   75   70   67   63   60   56   52   49   47
   45   43   42   41   42   46   56   69   83   97  112  121  127  132  140  151
  163  176  188  199  211  220  226  225  218
