src/sim/resources/gnss/igsg0070.10i
     1.0            IONOSPHERE MAPS     MIX                 IONEX VERSION / TYPE
cmpcmb v1.2          GRL/UWM            20-jan-10 08:17     PGM / RUN BY / DATE 
ionex file containing IGS COMBINED Ionosphere maps          COMMENT             
global ionosphere maps for day 007, 2010                    DESCRIPTION         
IONEX file containing the COMBINED IGS TEC MAPS and DCBs    DESCRIPTION         
      IONEX files of the following IAACs were combined: cod DESCRIPTION         
                                                        upc DESCRIPTION         
Contact address: Andrzej Krankowski                         DESCRIPTION
                 Geodynamics Research Laboratory            DESCRIPTION
                 University of Warmia and Mazury (GRL/UWM)  DESCRIPTION
                 Oczapowski St. 1                           DESCRIPTION
                 10-957-Olsztyn, POLAND                     DESCRIPTION
                 e-mail:  kand@uwm.edu.pl                   DESCRIPTION
                                                            DESCRIPTION
  2010     1     7     0     0     0                        EPOCH OF FIRST MAP  
  2010     1     8     0     0     0                        EPOCH OF LAST MAP   
  7200                                                      INTERVAL            
    13                                                      # OF MAPS IN FILE   
  COSZ                                                      MAPPING FUNCTION    
     0.0                                                    ELEVATION CUTOFF    
combined TEC calculated as weighted mean of input TEC valuesOBSERVABLES USED    
   258                                                      # OF STATIONS       
    32                                                      # OF SATELLITES     
  6371.0                                                    BASE RADIUS         
     2                                                      MAP DIMENSION       
   450.0 450.0   0.0                                        HGT1 / HGT2 / DHGT  
    87.5 -87.5  -2.5                                        LAT1 / LAT2 / DLAT  
  -180.0 180.0   5.0                                        LON1 / LON2 / DLON  
    -1                                                      EXPONENT            
TEC values in 0.1 tec units;  9999, if no value available   COMMENT             
DCB values in nanoseconds, reference is Sum_of_SatDCBs = 0  COMMENT             
                                                            END OF HEADER       
[from data line 4719]
    12                                                      START OF TEC MAP    
  2010     1     7    22     0     0                        EPOCH OF CURRENT MAP
    87.5-180.0 180.0   5.0 450.0                            LAT/LON1/LON2/DLON/H
   26   26   26   26   26   26   26   27   27   27   27   27   27   26   26   26
   26   26   26   26   26   26   26   26   27   26   26   24   24   23   23   22
   21   20   20   20   19   19   19   19   19   18   18   19   19   19   19   18
   18   19   19   19   19   20   19   20   20   21   21   21   21   22   22   23
   23   23   24   24   24   25   25   25   26
    85.0-180.0 180.0   5.0 450.0                            LAT/LON1/LON2/DLON/H
   27   27   27   28   28   28   28   28   28   28   28   28   28   28   28   28
   28   28   27   26   26   26   27   27   25   23   22   21   20   19   19   18
   19   18   18   18   18   17   17   17   17   16   16   16   15   15   15   15
   15   15   16   16   17   18   18   18   19   19   20   20   21   22   22   23
   24   24   25   26   26   26   26   26   27
    82.5-180.0 180.0   5.0 450.0                            LAT/LON1/LON2/DLON/H
   27   28   28   29   29   29   29   30   30   30   30   30   30   30   30   31
   30   30   29   29   28   26   27   26   23   22   21   21   20   20   20   19
   19   19   18   18   17   17   16   15   15   14   14   13   12   12   12   11
   11   11   12   13   14   16   17   17   18   19   19   20   21   22   22   23
   24   25   25   25   26   27   27   27   27
    80.0-180.0 180.0   5.0 450.0                            LAT/LON1/LON2/DLON/H
   27   28   29   29   30   30   30   31   31   30   31   31   31   32   32   33
   33   32   32   32   31   30   28   24   24   23   22   22   21   20   19   18
   17   17   16   16   16   15   15   15   15   14   14   13   12   12   12   12
   12   12   12   12   13   14   16   16   18   18   19   19   20   21   22   23
   23   23   24   24   25   26   26   27   27
    77.5-180.0 180.0   5.0 450.0                            LAT/LON1/LON2/DLON/H
   27   28   29   30   30   30   30   30   31   32   33   31   31   30   30   31
   31   32   33   31   30   30   30   30   25   25   23   21   20   19   19   18
   18   17   15   15   14   14   14   13   13   13   13   12   12   12   12   12
   13   13   13   13   14   14   14   15   16   17   18   19   20   20   20   20
   21   21   22   23   23   24   25   26   27
    75.0-180.0 180.0   5.0 450.0                            LAT/LON1/LON2/DLON/H
   27   29   31   31   32   32   32   34   34   34   34   34   33   33   33   34
   34   33   32   31   30   30   31   30   30   27   24   22   21   20   19   19
   19   19   18   18   16   15   14   14   14   13   13   12   12   12   13   13
   12   13   13   14   14   14   12   12   14   15   16   17   17   17   17   18
   19   19   20   21   22   23   25   26   27
    72.5-180.0 180.0   5.0 450.0                            LAT/LON1/LON2/DLON/H
   31   33   34   36   36   37   38   38   39   39   38   39   38   37   34   33
   33   32   31   30   31   31   32   32   31   30   27   25   23   21   20   20
   20   21   21   21   21   20   18   16   15   14   14   13   13   13   13   13
   12   13   13   13   12   11   11   10   12   14   15   15   14   15   15   16
   16   18   19   20   22   24   26   29   31
    70.0-180.0 180.0   5.0 450.0                            LAT/LON1/LON2/DLON/H
   36   40   41   42   42   42   44   44   44   43   43   42   41   38   36   34
   34   34   33   32   33   34   34   34   32   30   29   26   24   22   21   21
   21   23   24   26   24   24   21   19   16   14   14   14   14   15   14   14
   14   14   15   14   12   11   12   12   14   14   15   13   13   13   14   14
   16   17   19   22   24   27   30   33   36
    67.5-180.0 180.0   5.0 450.0                            LAT/LON1/LON2/DLON/H
   43   46   47   48   49   49   50   50   49   48   47   46   45   43   40   39
   38   37   36   35   36   36   35   34   32   31   28   26   23   22   21   21
   21   23   24   26   26   24   23   20   17   14   13   13   14   14   14   15
   16   16   16   15   15   15   15   16   16   16   16   15   15   14   14   14
   16   18   21   25   28   33   36   40   43
    65.0-180.0 180.0   5.0 450.0                            LAT/LON1/LON2/DLON/H
   50   52   53   54   55   55   55   55   54   54   52   52   51   50   47   45
   43   41   40   40   39   39   37   35   32   30   27   25   22   21   22   21
   23   25   24   25   24   23   23   21   19   16   15   13   13   14   15   16
   17   18   19   20   19   20   20   20   20   20   19   19   18   17   16   16
   17   20   25   30   34   39   43   47   50
    62.5-180.0 180.0   5.0 450.0                            LAT/LON1/LON2/DLON/H
   56   58   59   60   60   59   59   59   58   58   59   59   58   57   55   52
   48   47   46   46   44   41   39   35   32   30   27   25   23   23   23   23
   24   25   25   24   21   21   22   22   23   22   21   18   18   19   20   22
   23   25   25   26   26   27   27   27   26   25   25   23   22   20   19   19
   20   24   28   35   40   45   50   54   56
    60.0-180.0 180.0   5.0 450.0                            LAT/LON1/LON2/DLON/H
   61   62   63   65   64   63   62   62   62   63   64   65   65   64   63   60
   56   54   54   51   47   45   40   36   32   30   26   25   24   25   26   26
   24   24   24   23   19   19   21   23   25   25   26   25   26   27   28   29
   30   32   33   35   36   37   36   35   34   32   31   29   27   25   23   23
   25   27   32   38   45   50   54   58   61
    57.5-180.0 180.0   5.0 450.0                            LAT/LON1/LON2/DLON/H
   65   66   67   67   67   66   66   65   65   66   67   69   71   71   70   68
   65   62   59   54   50   47   41   36   33   31   27   27   28   28   29   29
   27   24   23   23   22   21   24   26   29   30   32   32   34   36   37   38
   40   42   44   46   46   47   45   43   41   39   38   36   34   31   28   28
   29   31   35   39   46   51   55   60   65
    55.0-180.0 180.0   5.0 450.0                            LAT/LON1/LON2/DLON/H
   66   68   69   71   72   71   69   67   67   67   69   72   74   76   75   74
   71   68   64   59   54   49   42   38   35   34   30   31   34   34   33   32
   30   28   26   26   27   27   28   31   33   36   37   38   40   44   46   47
   49   48   50   51   53   53   51   48   46   45   44   42   40   35   31   30
   31   33   36   42   46   51   54   60   66
    52.5-180.0 180.0   5.0 450.0                            LAT/LON1/LON2/DLON/H
   63   69   72   74   77   78   74   73   71   70   71   73   76   78   79   78
   76   73   68   63   57   52   46   43   39   38   36   38   40   39   36   36
   34   33   33   32   32   34   36   38   39   42   44   44   47   49   52   54
   53   50   51   52   54   54   52   51   50   48   47   46   42   37   33   31
   32   35   38   42   47   50   53   58   63
    50.0-180.0 180.0   5.0 450.0                            LAT/LON1/LON2/DLON/H
   63   69   74   80   83   85   81   80   78   75   73   75   77   79   80   81
   80   76   72   67   62   56   52   49   47   47   44   47   48   48   44   41
   39   37   38   37   39   40   42   45   46   48   49   50   51   53   56   58
   55   54   53   54   55   55   54   54   53   52   50   47   43   39   34   32
   33   35   40   44   50   53   56   57   63
    47.5-180.0 180.0   5.0 450.0                            LAT/LON1/LON2/DLON/H
   65   71   77   85   90   94   93   91   86   80   77   76   76   79   81   83
   82   79   75   71   67   63   61   60   59   60   59   59   59   58   54   48
   43   41   42   43   43   46   48   50   52   53   53   54   54   55   56   58
   58   58   59   59   59   59   59   59   57   55   53   50   46   41   36   34
   34   36   41   45   52   56   60   62   65
    45.0-180.0 180.0   5.0 450.0                            LAT/LON1/LON2/DLON/H
   69   73   78   87   99  107  108  102   94   87   83   80   79   80   83   84
   84   82   79   76   73   72   72   74   75   76   75   73   69   66   63   54
   48   47   47   47   47   51   54   57   57   57   57   57   58   57   57   58
   60   62   62   63   64   65   64   63   59   57   55   52   47   43   36   34
   35   37   41   46   52   57   62   65   69
    42.5-180.0 180.0   5.0 450.0                            LAT/LON1/LON2/DLON/H
   71   75   79   86   99  114  118  111  103   95   89   86   83   83   85   86
   86   86   83   81   80   81   84   88   90   91   89   84   76   72   68   58
   54   52   52   52   53   57   59   61   62   62   61   61   60   59   58   59
   62   64   65   66   67   67   66   64   60   57   54   51   46   40   36   35
   36   39   42   46   52   57   64   68   71
    40.0-180.0 180.0   5.0 450.0                            LAT/LON1/LON2/DLON/H
   74   76   78   81   94  109  117  114  109  102   97   92   89   88   88   90
   91   91   90   88   88   91   95  100  103  101   95   90   80   75   68   62
   57   56   57   58   60   63   64   64   65   65   64   63   62   61   60   62
   64   65   65   65   66   66   65   64   60   56   54   50   45   39   36   36
   38   42   45   47   52   58   65   70   74
    37.5-180.0 180.0   5.0 450.0                            LAT/LON1/LON2/DLON/H
   77   77   75   73   80   97  105  111  111  107  104  100   96   95   94   96
   98   98   96   95   96   99  105  109  110  104   95   88   82   74   68   64
   62   61   61   63   65   66   66   66   66   66   65   64   63   63   63   64
   65   65   64   62   62   63   61   61   59   55   52   49   44   40   37   37
   41   46   48   49   52   58   66   73   77
    35.0-180.0 180.0   5.0 450.0                            LAT/LON1/LON2/DLON/H
   77   76   72   67   67   78   95  105  109  109  109  107  105  103  102  103
  105  106  104  103  103  106  111  113  111  105   94   87   81   73   69   68
   67   66   66   68   68   68   66   65   64   65   64   65   65   64   64   64
   64   62   61   59   58   58   57   56   56   53   50   47   43   40   39   42
   47   51   54   54   56   60   66   74   77
    32.5-180.0 180.0   5.0 450.0                            LAT/LON1/LON2/DLON/H
   77   76   72   66   61   70   86   96  104  108  110  111  111  111  110  111
  111  112  112  111  111  113  114  114  111  104   94   85   79   73   72   73
   72   72   72   72   70   68   66   63   63   64   64   65   65   64   63   62
   61   59   57   55   54   54   53   53   53   51   48   45   43   42   43   48
   54   58   60   61   61   64   69   74   77
    30.0-180.0 180.0   5.0 450.0                            LAT/LON1/LON2/DLON/H
   79   78   75   72   67   72   83   92   99  105  111  114  116  116  116  116
  117  118  118  116  115  115  114  113  109  101   90   81   77   74   75   79
   78   78   77   76   72   69   65   63   63   64   64   63   63   63   61   59
   58   57   54   53   52   51   52   52   51   49   46   45   44   45   48   54
   60   65   67   67   67   69   73   78   79
    27.5-180.0 180.0   5.0 450.0                            LAT/LON1/LON2/DLON/H
   83   82   80   79   78   81   87   92   96  104  111  116  118  120  119  120
  120  121  121  120  116  114  112  109  102   93   85   79   78   78   81   83
   84   82   81   79   74   70   67   65   64   63   63   60   59   59   57   56
   56   54   53   51   50   51   52   50   48   46   45   45   45   48   52   58
   65   70   74   74   74   77   80   83   83
    25.0-180.0 180.0   5.0 450.0                            LAT/LON1/LON2/DLON/H
   93   89   90   89   89   91   96   98  101  106  114  119  121  121  120  119
  118  119  118  117  112  108  105  101   94   87   81   79   81   83   87   88
   87   83   81   79   75   71   68   66   64   61   61   57   57   56   54   55
   55   54   53   52   51   51   53   49   46   44   43   45   46   49   55   61
   69   77   82   82   82   84   88   92   93
    22.5-180.0 180.0   5.0 450.0                            LAT/LON1/LON2/DLON/H
  106  105  103  104  105  106  110  111  115  119  123  125  126  125  121  120
  116  116  112  110  106  101   96   93   91   89   85   83   89   93   96   94
   90   84   81   80   77   72   70   66   63   59   58   55   54   52   52   53
   54   55   55   55   54   54   52   47   43   41   40   42   44   48   56   64
   72   80   86   88   89   92   97  103  106
    20.0-180.0 180.0   5.0 450.0                            LAT/LON1/LON2/DLON/H
  120  126  126  131  130  131  131  135  137  139  139  139  136  134  127  123
  118  113  107  104  101   97   94   92   96   96   94   96   99  106  106  102
   95   90   86   83   78   73   70   66   62   57   56   54   53   51   51   51
   53   56   57   58   57   55   51   46   42   38   37   38   41   47   55   62
   71   79   86   91   95   98  105  114  120
    17.5-180.0 180.0   5.0 450.0                            LAT/LON1/LON2/DLON/H
  137  149  156  165  165  163  164  168  168  167  162  158  153  148  138  131
  122  116  108  103  100   99   97   99  105  106  107  109  112  117  118  113
  103   98   92   85   79   73   71   68   61   55   54   53   52   50   50   51
   54   58   59   60   58   56   51   47   42   38   36   37   40   47   54   62
   69   77   86   94   99  105  113  126  137
    15.0-180.0 180.0   5.0 450.0                            LAT/LON1/LON2/DLON/H
  155  170  189  209  209  208  208  209  206  199  190  182  171  166  152  144
  133  126  116  110  106  106  106  109  115  117  121  122  123  128  122  119
  110  101   96   86   78   74   74   70   61   54   53   51   52   51   51   53
   56   60   61   62   60   57   53   48   43   39   37   37   40   48   57   64
   69   78   88   96  103  110  122  136  155
    12.5-180.0 180.0   5.0 450.0                            LAT/LON1/LON2/DLON/H
  168  195  221  242  252  254  254  249  242  232  220  207  193  187  173  162
  152  142  131  125  119  118  119  122  126  130  133  131  127  125  120  117
  111  102   94   86   77   73   73   71   61   55   54   53   54   54   54   55
   58   62   63   63   60   56   52   46   41   38   36   37   42   51   61   67
   73   82   91   99  107  117  131  147  168
    10.0-180.0 180.0   5.0 450.0                            LAT/LON1/LON2/DLON/H
  178  207  235  256  271  280  276  272  264  255  247  229  216  211  201  187
  175  162  152  146  139  135  136  138  140  140  140  135  126  119  114  109
  105   99   91   83   77   73   72   71   64   58   59   58   59   58   58   58
   61   62   62   61   57   53   47   42   38   35   35   39   47   57   66   71
   76   84   92  101  110  121  136  155  178
     7.5-180.0 180.0   5.0 450.0                            LAT/LON1/LON2/DLON/H
  183  209  233  256  268  280  280  275  270  266  257  248  239  233  229  216
  204  194  181  174  165  160  160  159  158  152  145  139  127  117  112  104
   99   96   90   84   79   77   78   76   73   67   67   65   64   62   61   60
   60   61   59   58   53   49   44   39   37   35   37   42   51   63   73   78
   80   87   95  103  113  124  139  160  183
     5.0-180.0 180.0   5.0 450.0                            LAT/LON1/LON2/DLON/H
  184  207  227  246  257  266  267  264  262  261  257  253  251  252  255  247
  238  231  216  208  197  193  190  185  181  167  155  148  135  121  114  106
  101   99   95   91   90   89   90   88   84   77   77   72   70   66   63   62
   59   59   56   54   51   48   45   40   39   38   40   46   56   68   79   86
   89   94  100  107  116  127  141  161  184
     2.5-180.0 180.0   5.0 450.0                            LAT/LON1/LON2/DLON/H
  182  201  218  231  243  250  248  246  244  246  248  248  253  261  269  271
  267  260  248  241  232  226  219  211  204  190  176  164  148  130  122  114
  111  108  107  104  106  105  104  100   95   85   84   78   75   71   66   62
   59   56   54   53   52   51   48   44   43   43   45   51   61   73   85   93
   99  103  108  113  119  129  143  161  182
