src/sim/resources/gnss/igsg0070.10i
     1.0            IONOSPHERE MAPS     MIX                 IONEX VERSION / TYPE
cmpcmb v1.2          GRL/UWM            20-jan-10 08:17     PGM / RUN BY / DATE 
ionex file containing IGS COMBINED Ionosphere maps          COMMENT             
global ionosphere maps for day 007, 2010                    DESCRIPTION         
IONEX file containing the COMBINED IGS TEC MAPS and DCBs    DESCRIPTION         
      IONEX files of the following IAACs were combined: cod DESCRIPTION         
                                                        upc DESCRIPTION         
Contact address: Andrzej Krankowski                         DESCRIPTION
                 Geodynamics Research Laboratory            DESCRIPTION
                 University of Warmia and Mazury (GRL/UWM)  DESCRIPTION
                 Oczapowski St. 1                           DESCRIPTION
                 10-957-Olsztyn, POLAND                     DESCRIPTION
                 e-mail:  kand@uwm.edu.pl                   DESCRIPTION
                                                            DESCRIPTION
  2010     1     7     0     0     0                        EPOCH OF FIRST MAP  
  2010     1     8     0     0     0                        EPOCH OF LAST MAP   
  7200                                                      INTERVAL            
    13                                                      # OF MAPS IN FILE   
  COSZ                                                      MAPPING FUNCTION    
     0.0                                                    ELEVATION CUTOFF    
combined TEC calculated as weighted mean of input TEC valuesOBSERVABLES USED    
   258                                                      # OF STATIONS       
    32                                                      # OF SATELLITES     
  6371.0                                                    BASE RADIUS         
     2                                                      MAP DIMENSION       
   450.0 450.0   0.0                                        HGT1 / HGT2 / DHGT  
    87.5 -87.5  -2.5                                        LAT1 / LAT2 / DLAT  
  -180.0 180.0   5.0                                        LON1 / LON2 / DLON  
    -1                                                      EXPONENT            
TEC values in 0.1 tec units;  9999, if no value available   COMMENT             
DCB values in nanoseconds, reference is Sum_of_SatDCBs = 0  COMMENT             
                                                            END OF HEADER       
[from data line 4290]
    11                                                      START OF TEC MAP    
  2010     1     7    20     0     0                        EPOCH OF CURRENT MAP
    87.5-180.0 180.0   5.0 450.0                            LAT/LON1/LON2/DLON/H
   22   22   22   22   22   22   23   23   23   23   24   24   25   25   25   25
   26   26   26   27   27   28   28   28   28   29   29   29   29   29   29   29
   29   29   29   29   29   28   28   28   27   27   27   26   26   26   25   25
   25   25   24   24   23   23   23   22   22   23   23   22   22   22   22   22
   22   22   22   22   22   22   22   22   22
    85.0-180.0 180.0   5.0 450.0                            LAT/LON1/LON2/DLON/H
   19   19   19   18   19   19   20   20   21   22   23   24   26   27   27   28
   29   30   29   29   30   30   30   31   31   32   32   32   32   33   32   33
   33   33   32   32   31   31   31   30   29   29   28   28   27   26   26   25
   24   24   23   22   22   21   21   21   21   21   21   21   21   21   21   21
   21   20   20   20   20   19   19   19   19
    82.5-180.0 180.0   5.0 450.0                            LAT/LON1/LON2/DLON/H
   17   17   17   17   17   18   19   20   21   21   23   24   25   26   27   29
   29   30   33   34   35   34   33   33   34   34   35   35   36   36   35   36
   35   35   35   35   34   33   32   31   30   29   28   27   25   24   24   22
   22   22   21   21   20   20   20   19   20   21   21   22   22   22   22   22
   21   21   21   21   20   20   19   18   17
    80.0-180.0 180.0   5.0 450.0                            LAT/LON1/LON2/DLON/H
   17   17   16   17   17   18   19   19   19   20   22   24   26   28   29   30
   32   33   34   35   37   37   35   35   35   34   34   34   34   35   35   36
   37   37   37   37   36   35   34   33   31   29   27   26   24   22   21   19
   19   18   18   19   19   19   20   20   21   22   23   24   24   24   24   24
   23   23   22   21   20   19   18   17   17
    77.5-180.0 180.0   5.0 450.0                            LAT/LON1/LON2/DLON/H
   17   17   17   17   17   17   17   18   20   22   24   26   29   31   34   37
   40   41   41   43   45   43   41   40   39   38   35   34   34   34   35   35
   35   36   36   36   35   34   33   32   30   28   27   24   22   21   19   17
   16   15   16   17   19   20   20   21   22   23   25   26   26   26   26   26
   25   24   23   21   20   19   18   17   17
    75.0-180.0 180.0   5.0 450.0                            LAT/LON1/LON2/DLON/H
   18   17   18   18   18   19   19   21   22   25   27   30   32   36   39   41
   44   46   49   51   46   43   41   37   37   33   34   31   30   29   29   31
   32   33   33   34   34   33   32   31   29   27   25   22   20   17   16   15
   15   15   15   17   21   22   23   23   24   24   25   27   27   27   27   26
   25   23   22   21   20   19   18   18   18
    72.5-180.0 180.0   5.0 450.0                            LAT/LON1/LON2/DLON/H
   19   20   20   21   21   22   23   24   27   29   30   33   36   39   44   48
   52   55   56   53   49   47   42   36   34   32   27   27   25   23   24   24
   26   28   27   29   29   29   29   28   27   25   22   19   17   15   14   14
   14   15   15   17   20   22   23   24   24   25   26   26   26   26   25   24
   22   21   20   19   19   18   19   19   19
    70.0-180.0 180.0   5.0 450.0                            LAT/LON1/LON2/DLON/H
   22   23   24   25   26   27   28   29   30   32   34   38   42   46   52   58
   61   63   62   61   54   50   44   37   31   30   24   21   20   18   17   17
   19   22   23   23   25   25   25   23   22   21   19   17   15   15   14   15
   15   14   14   15   18   20   21   22   23   24   25   25   25   23   22   21
   20   19   19   19   18   20   20   21   22
    67.5-180.0 180.0   5.0 450.0                            LAT/LON1/LON2/DLON/H
   24   26   28   30   32   33   35   35   37   37   40   44   48   53   59   66
   69   69   70   66   61   56   47   40   33   28   24   20   17   16   15   14
   15   17   19   19   20   20   20   20   19   17   16   16   16   16   18   18
   18   17   16   16   17   18   19   20   21   22   22   22   21   20   19   18
   17   18   18   19   20   21   21   23   24
    65.0-180.0 180.0   5.0 450.0                            LAT/LON1/LON2/DLON/H
   27   29   33   35   38   41   42   43   43   44   46   49   53   57   64   70
   74   77   77   73   67   63   53   46   37   31   26   23   20   18   18   17
   16   17   18   18   18   17   17   16   16   16   15   16   18   20   22   23
   23   22   22   20   19   18   17   18   19   20   20   20   19   18   17   16
   16   16   17   19   20   22   23   24   27
    62.5-180.0 180.0   5.0 450.0                            LAT/LON1/LON2/DLON/H
   30   34   38   41   45   47   49   50   50   50   51   53   57   61   66   74
   79   84   83   78   73   68   60   52   44   38   33   31   27   26   23   23
   21   19   18   17   17   16   16   16   16   16   17   19   22   24   26   28
   28   27   26   25   22   21   19   19   19   20   21   21   21   21   19   17
   16   16   18   21   22   23   24   26   30
    60.0-180.0 180.0   5.0 450.0                            LAT/LON1/LON2/DLON/H
   33   38   43   47   50   54   56   56   55   55   56   58   61   65   71   78
   84   87   87   82   77   71   65   58   51   47   43   40   37   35   31   29
   26   22   19   18   18   17   17   18   18   20   22   25   26   29   31   32
   32   32   31   30   28   27   25   25   25   25   27   28   28   28   25   23
   21   21   22   22   23   24   26   29   33
    57.5-180.0 180.0   5.0 450.0                            LAT/LON1/LON2/DLON/H
   36   42   47   51   56   59   61   62   61   60   61   62   65   69   75   80
   86   88   87   84   78   72   67   62   57   54   52   49   46   44   38   35
   32   26   22   21   20   19   20   21   23   25   29   31   33   35   35   36
   37   37   38   37   36   36   34   34   32   34   37   38   38   37   34   32
   28   28   27   25   25   26   29   32   36
    55.0-180.0 180.0   5.0 450.0                            LAT/LON1/LON2/DLON/H
   40   44   50   55   59   63   65   66   66   65   65   66   69   73   77   81
   86   88   87   84   79   73   69   63   61   61   58   56   53   51   44   39
   36   31   27   25   24   24   25   27   29   31   34   36   38   39   40   41
   41   43   43   44   44   44   43   42   42   43   46   47   48   46   44   42
   39   36   33   31   29   30   32   35   40
    52.5-180.0 180.0   5.0 450.0                            LAT/LON1/LON2/DLON/H
   41   47   53   56   60   66   70   70   70   69   70   70   72   75   78   82
   86   87   85   82   77   73   69   66   64   65   63   61   58   57   51   44
   40   36   34   32   31   30   31   33   35   37   39   40   41   42   42   43
   44   47   47   47   48   49   50   50   51   52   54   55   54   52   50   48
   45   42   39   35   33   33   34   37   41
    50.0-180.0 180.0   5.0 450.0                            LAT/LON1/LON2/DLON/H
   42   49   54   57   61   69   73   75   75   75   74   74   75   77   80   82
   84   85   83   80   76   74   71   71   70   71   69   67   63   60   56   49
   43   41   41   39   38   37   37   39   40   42   43   43   44   44   44   44
   45   49   50   51   52   54   56   58   59   60   61   60   58   56   53   50
   47   43   38   35   33   32   33   38   42
    47.5-180.0 180.0   5.0 450.0                            LAT/LON1/LON2/DLON/H
   44   51   57   60   63   69   75   78   79   79   78   78   79   80   81   83
   84   84   82   80   78   76   76   78   79   80   77   73   69   63   58   51
   46   45   46   45   44   44   43   45   47   47   47   48   48   48   47   49
   51   53   55   56   57   59   63   65   66   67   67   65   62   59   53   48
   44   39   34   33   31   30   33   38   44
    45.0-180.0 180.0   5.0 450.0                            LAT/LON1/LON2/DLON/H
   44   52   59   62   65   70   76   80   82   83   83   83   82   83   84   84
   84   84   83   82   81   81   85   88   90   90   85   80   74   66   58   51
   47   48   50   50   49   49   49   51   51   51   51   52   52   52   53   55
   57   59   60   61   62   63   66   68   69   69   69   67   64   59   52   46
   42   37   32   31   31   30   33   38   44
    42.5-180.0 180.0   5.0 450.0                            LAT/LON1/LON2/DLON/H
   45   52   60   65   67   73   78   83   84   85   88   88   88   87   87   87
   87   87   87   86   87   89   94   99  100  100   93   85   78   68   58   49
   49   50   53   54   54   54   55   55   55   54   54   54   55   56   58   60
   62   64   64   64   65   66   68   68   66   65   65   63   61   57   51   45
   39   35   31   30   29   30   34   40   45
    40.0-180.0 180.0   5.0 450.0                            LAT/LON1/LON2/DLON/H
   46   54   60   65   69   74   78   83   84   86   91   92   93   93   92   92
   93   92   92   93   95   98  104  108  110  108  100   89   79   69   56   50
   50   54   57   58   59   59   60   60   58   57   57   57   58   60   61   64
   65   66   65   65   65   65   65   64   63   61   60   59   57   55   50   43
   38   33   30   28   27   29   34   40   46
    37.5-180.0 180.0   5.0 450.0                            LAT/LON1/LON2/DLON/H
   47   53   60   66   70   74   78   81   82   85   92   97   98   99  100  100
  100  100  100  101  103  108  114  117  117  114  105   93   81   69   57   54
   55   59   62   63   64   65   65   63   61   59   58   59   61   62   64   66
   66   66   64   63   61   60   60   59   58   57   56   55   54   52   49   43
   38   33   30   28   27   29   35   41   47
    35.0-180.0 180.0   5.0 450.0                            LAT/LON1/LON2/DLON/H
   49   53   58   65   71   75   78   79   79   84   92   99  103  106  107  109
  109  110  110  110  112  117  122  123  122  118  108   96   84   73   66   62
   63   66   68   69   70   70   69   66   64   62   61   62   63   64   65   66
   66   63   60   58   55   54   55   54   54   53   53   53   51   50   48   43
   38   33   31   29   28   31   38   44   49
    32.5-180.0 180.0   5.0 450.0                            LAT/LON1/LON2/DLON/H
   52   55   58   63   71   78   79   78   77   81   89   99  106  113  116  118
  120  121  119  118  118  121  124  126  124  120  112  101   88   80   75   72
   73   74   75   74   74   73   71   68   67   65   63   64   64   64   63   62
   61   57   56   53   50   50   52   53   53   53   53   53   52   50   48   44
   39   35   32   31   30   33   41   48   52
    30.0-180.0 180.0   5.0 450.0                            LAT/LON1/LON2/DLON/H
   57   58   59   63   69   77   79   77   76   78   85   97  110  118  123  127
  129  129  127  125  122  121  123  125  123  119  113  103   94   87   85   84
   84   84   82   81   79   76   73   70   69   68   66   64   64   62   59   56
   55   53   53   50   49   51   53   54   54   54   54   54   53   52   49   45
   41   37   34   33   35   38   46   54   57
    27.5-180.0 180.0   5.0 450.0                            LAT/LON1/LON2/DLON/H
   63   64   64   66   70   76   78   77   75   77   82   96  109  119  127  132
  135  133  131  128  123  120  119  119  119  113  110  103   97   95   98   98
   96   95   92   90   85   79   74   72   72   70   67   65   62   58   55   52
   52   51   52   52   52   55   57   58   58   57   56   56   55   53   50   46
   42   40   38   38   40   44   52   59   63
    25.0-180.0 180.0   5.0 450.0                            LAT/LON1/LON2/DLON/H
   67   70   71   72   74   78   80   81   80   82   84   97  109  119  128  134
  136  133  131  127  120  114  112  112  112  107  105  101   99  104  115  116
  111  106  102   99   94   83   77   75   74   72   68   65   63   58   52   50
   51   52   54   54   56   59   61   63   62   61   59   58   56   52   49   46
   43   42   42   41   44   49   56   64   67
    22.5-180.0 180.0   5.0 450.0                            LAT/LON1/LON2/DLON/H
   72   75   78   80   82   84   85   87   87   90   96  103  111  121  128  132
  134  133  129  123  115  109  107  106  106  105  105  104  107  121  133  130
  124  119  111  108  101   88   79   78   76   74   72   73   72   64   55   52
   53   55   57   58   60   63   65   65   64   62   60   57   53   50   47   45
   43   43   43   43   45   52   60   67   72
    20.0-180.0 180.0   5.0 450.0                            LAT/LON1/LON2/DLON/H
   77   81   85   88   91   95   98   98   98  101  107  112  118  125  129  131
  132  132  128  122  114  110  108  106  108  111  113  116  124  141  149  143
  139  129  124  114  106   91   82   79   77   76   75   80   87   77   61   56
   58   59   61   62   64   65   67   66   63   61   58   54   50   47   45   43
   42   41   42   43   47   54   62   71   77
    17.5-180.0 180.0   5.0 450.0                            LAT/LON1/LON2/DLON/H
   81   87   91   96  101  106  112  114  115  116  122  124  129  133  135  134
  134  133  129  125  119  116  115  115  117  123  131  138  147  159  162  155
  149  138  128  116  105   91   82   77   76   76   78   83   87   79   65   59
   62   62   65   66   66   67   68   66   62   59   55   51   48   46   44   42
   41   41   41   43   48   55   64   73   81
    15.0-180.0 180.0   5.0 450.0                            LAT/LON1/LON2/DLON/H
   84   91   97  104  111  118  126  130  137  139  140  144  144  145  145  143
  141  139  136  132  127  126  127  131  134  141  152  158  167  174  173  162
  151  139  124  111   99   90   80   73   72   75   78   81   81   75   66   62
   65   64   66   66   66   67   67   65   60   57   54   50   47   46   44   43
   43   42   43   46   50   56   65   75   84
    12.5-180.0 180.0   5.0 450.0                            LAT/LON1/LON2/DLON/H
   86   95  102  110  119  130  142  153  164  167  166  167  164  162  160  155
  151  148  145  140  138  140  145  152  156  162  172  178  184  185  178  163
  147  130  116  105   95   86   77   70   69   72   76   78   77   73   68   64
   66   65   65   63   62   64   63   61   58   55   51   48   46   45   45   45
   44   44   45   49   53   58   66   77   86
    10.0-180.0 180.0   5.0 450.0                            LAT/LON1/LON2/DLON/H
   89   98  106  115  126  140  158  180  196  201  199  197  191  191  182  175
  167  162  157  154  153  158  166  173  178  181  188  192  200  194  180  160
  141  126  112  102   93   85   76   70   71   73   77   79   77   73   70   67
   69   64   60   57   56   57   57   56   54   52   49   47   45   42   44   44
   46   46   48   52   56   62   70   80   89
     7.5-180.0 180.0   5.0 450.0                            LAT/LON1/LON2/DLON/H
   92  101  109  120  132  148  170  201  223  234  231  227  219  219  209  206
  189  182  177  172  174  180  190  196  200  201  202  206  209  200  182  161
  143  130  115  103   96   89   84   81   78   79   82   82   80   76   70   67
   67   57   54   50   50   52   51   52   52   51   48   47   44   40   41   43
   45   48   51   55   59   65   73   83   92
     5.0-180.0 180.0   5.0 450.0                            LAT/LON1/LON2/DLON/H
   94  103  112  123  137  156  179  207  237  252  250  247  241  241  234  229
  216  208  200  198  199  206  218  225  226  221  216  216  214  206  190  169
  153  139  123  110  104  100   98   95   90   90   89   87   83   77   71   64
   63   52   49   47   48   49   48   50   52   52   51   50   47   42   42   43
   45   48   54   60   64   70   77   86   94
     2.5-180.0 180.0   5.0 450.0                            LAT/LON1/LON2/DLON/H
   96  104  114  126  139  159  181  210  235  253  254  252  250  252  252  248
  239  235  227  225  227  233  245  251  249  239  229  224  218  210  197  182
  172  152  138  124  117  117  116  111  105  100   95   91   86   80   73   64
   62   52   49   48   49   49   51   53   56   56   55   55   52   48   46   45
   45   49   56   64   70   75   81   88   96
