src/controller/resources/gnss/igsg0080.10i
     1.0            IONOSPHERE MAPS     MIX                 IONEX VERSION / TYPE
cmpcmb v1.2          GRL/UWM            20-jan-10 08:20     PGM / RUN BY / DATE 
ionex file containing IGS COMBINED Ionosphere maps          COMMENT             
global ionosphere maps for day 008, 2010                    DESCRIPTION         
IONEX file containing the COMBINED IGS TEC MAPS and DCBs    DESCRIPTION         
      IONEX files of the following IAACs were combined: cod DESCRIPTION         
                                                        upc DESCRIPTION         
Contact address: Andrzej Krankowski                         DESCRIPTION
                 Geodynamics Research Laboratory            DESCRIPTION
                 University of Warmia and Mazury (GRL/UWM)  DESCRIPTION
                 Oczapowski St. 1                           DESCRIPTION
                 10-957-Olsztyn, POLAND                     DESCRIPTION
                 e-mail:  kand@uwm.edu.pl                   DESCRIPTION
                                                            DESCRIPTION
  2010     1     8     0     0     0                        EPOCH OF FIRST MAP  
  2010     1     9     0     0     0                        EPOCH OF LAST MAP   
  7200                                                      INTERVAL            
    13                                                      # OF MAPS IN FILE   
  COSZ                                                      MAPPING FUNCTION    
     0.0                                                    ELEVATION CUTOFF    
combined TEC calculated as weighted mean of input TEC valuesOBSERVABLES USED    
   264                                                      # OF STATIONS       
    32                                                      # OF SATELLITES     
  6371.0                                                    BASE RADIUS         
     2                                                      MAP DIMENSION       
   450.0 450.0   0.0                                        HGT1 / HGT2 / DHGT  
    87.5 -87.5  -2.5                                        LAT1 / LAT2 / DLAT  
  -180.0 180.0   5.0                                        LON1 / LON2 / DLON  
    -1                                                      EXPONENT            
TEC values in 0.1 tec units;  9999, if no value available   COMMENT             
DCB values in nanoseconds, reference is Sum_of_SatDCBs = 0  COMMENT             
                                                            END OF HEADER       
[from data line 1716]
     5                                                      START OF TEC MAP    
  2010     1     8     8     0     0                        EPOCH OF CURRENT MAP
    87.5-180.0 180.0   5.0 450.0                            LAT/LON1/LON2/DLON/H
   11   11   11   11   11   11   11   11   12   12   12   13   13   14   14   14
   15   16   16   16   16   16   16   16   16   16   17   17   17   17   17   18
   17   17   17   17   17   17   17   17   17   17   17   16   16   16   16   16
   15   15   15   15   14   14   14   14   14   14   13   13   13   13   13   13
   13   13   13   13   12   12   11   11   11
    85.0-180.0 180.0   5.0 450.0                            LAT/LON1/LON2/DLON/H
   16   17   17   19   18   19   18   17   18   16   17   17   18   17   16   16
   16   16   16   16   16   16   16   17   17   18   18   18   18   18   19   19
   19   19   19   19   19   19   18   18   18   18   17   17   17   17   16   16
   16   15   16   15   15   14   14   14   14   14   14   14   14   14   14   14
   14   13   13   13   13   13   13   15   16
    82.5-180.0 180.0   5.0 450.0                            LAT/LON1/LON2/DLON/H
   17   15   15   13   13   14   14   14   14   15   15   16   16   16   16   16
   17   17   17   17   16   16   16   16   17   18   18   19   20   21   21   21
   21   21   20   20   20   20   19   19   18   18   18   17   17   17   17   17
   17   17   17   17   17   16   16   16   16   15   15   14   14   14   14   14
   14   13   13   14   14   15   16   17   17
    80.0-180.0 180.0   5.0 450.0                            LAT/LON1/LON2/DLON/H
   13   14   14   13   14   14   15   15   16   16   17   17   17   17   16   16
   15   14   14   14   14   15   15   16   17   17   18   18   19   20   21   21
   21   21   21   21   20   19   18   18   17   17   17   16   17   17   18   18
   19   20   20   20   20   20   19   19   19   18   17   16   16   14   14   14
   13   12   12   13   13   12   13   13   13
    77.5-180.0 180.0   5.0 450.0                            LAT/LON1/LON2/DLON/H
   13   12   13   14   15   16   17   17   18   17   17   16   16   16   15   14
   13   13   12   11   11   10   12   13   13   14   15   16   17   18   19   20
   21   20   20   20   18   17   16   15   15   16   16   16   17   17   19   21
   22   24   25   25   26   25   24   23   23   22   21   20   19   17   15   13
   12   12   12   12   11   11   12   12   13
    75.0-180.0 180.0   5.0 450.0                            LAT/LON1/LON2/DLON/H
   12   13   14   16   17   18   19   19   18   17   17   18   18   17   16   14
   13   11   10   10   10   10   10   12   12   13   14   15   16   17   19   19
   19   18   17   16   16   15   14   13   13   13   15   16   17   20   21   24
   26   29   31   31   31   30   29   29   28   27   26   24   23   21   19   18
   15   14   13   12   12   12   11   11   12
    72.5-180.0 180.0   5.0 450.0                            LAT/LON1/LON2/DLON/H
   15   15   17   18   19   20   20   20   19   19   18   18   18   16   15   13
   12   11   10    9    9   10   11   13   13   14   15   16   17   18   17   17
   17   16   15   14   13   13   12   13   13   13   15   17   20   23   25   28
   31   33   36   37   37   37   35   34   33   31   30   29   27   25   23   22
   21   19   18   17   16   16   15   15   15
    70.0-180.0 180.0   5.0 450.0                            LAT/LON1/LON2/DLON/H
   19   20   20   21   21   21   21   21   20   18   17   16   16   15   13   12
   11   11   10   10   11   12   13   15   15   16   17   16   18   17   16   15
   14   14   13   12   12   12   12   14   15   17   19   20   24   27   30   34
   37   39   42   43   43   42   40   39   37   35   33   31   30   28   27   26
   25   24   23   22   21   20   20   20   19
    67.5-180.0 180.0   5.0 450.0                            LAT/LON1/LON2/DLON/H
   24   24   24   23   22   22   21   20   18   17   16   15   15   13   13   13
   12   13   14   15   15   15   17   19   19   19   19   19   18   17   14   13
   12   11   11   11   12   13   15   16   19   21   25   27   31   34   38   40
   44   46   48   49   48   48   46   44   41   39   36   33   32   30   29   28
   28   27   26   25   25   25   24   24   24
    65.0-180.0 180.0   5.0 450.0                            LAT/LON1/LON2/DLON/H
   28   27   27   25   24   22   20   19   18   17   16   15   15   14   16   15
   16   16   19   19   19   20   22   22   22   21   21   21   18   16   14   12
   11    9   10   12   13   16   19   22   26   28   33   36   39   42   45   48
   51   53   55   55   54   54   50   47   44   41   37   35   33   31   30   29
   29   28   28   27   27   27   27   27   28
    62.5-180.0 180.0   5.0 450.0                            LAT/LON1/LON2/DLON/H
   30   29   29   27   25   24   22   20   18   17   16   15   16   17   18   18
   20   20   22   22   22   23   25   25   24   23   22   21   20   18   16   13
   11    7    7   13   17   20   25   30   35   38   42   46   48   51   54   55
   58   60   61   62   61   60   55   52   47   45   41   38   34   33   32   31
   31   29   29   27   28   28   29   30   30
    60.0-180.0 180.0   5.0 450.0                            LAT/LON1/LON2/DLON/H
   31   31   30   29   28   25   24   22   20   18   17   18   18   19   21   23
   22   23   23   22   22   24   26   25   24   25   23   22   20   19   18   16
   14    9    9   18   24   26   32   39   44   49   53   56   58   60   61   62
   64   66   68   70   69   68   63   59   54   51   47   44   40   38   36   34
   32   31   30   29   28   28   30   31   31
    57.5-180.0 180.0   5.0 450.0                            LAT/LON1/LON2/DLON/H
   33   32   32   31   29   28   26   24   22   20   19   20   21   21   23   24
   24   24   23   21   21   22   24   24   24   24   24   23   22   22   21   20
   18   15   18   27   31   34   40   47   53   58   63   66   66   67   68   69
   72   74   77   80   80   78   73   69   64   60   55   52   48   45   42   39
   36   34   32   30   29   30   31   32   33
    55.0-180.0 180.0   5.0 450.0                            LAT/LON1/LON2/DLON/H
   34   33   34   32   32   31   29   27   25   23   21   22   23   24   25   25
   24   23   21   19   19   19   21   22   24   25   26   26   26   25   24   23
   23   22   26   31   35   40   47   53   61   65   70   74   74   74   73   75
   77   80   83   86   89   87   85   80   76   71   65   60   56   52   48   45
   43   40   37   34   33   33   34   35   34
    52.5-180.0 180.0   5.0 450.0                            LAT/LON1/LON2/DLON/H
   36   35   36   37   35   34   33   30   27   24   23   24   25   26   26   25
   24   22   19   19   18   18   20   22   24   25   27   30   31   29   29   30
   30   29   31   35   39   46   51   57   65   70   74   77   78   78   78   80
   83   85   88   92   95   95   91   89   86   81   73   68   62   58   54   53
   50   47   44   41   39   39   40   39   36
    50.0-180.0 180.0   5.0 450.0                            LAT/LON1/LON2/DLON/H
   43   40   40   39   39   37   36   33   31   27   25   26   27   28   28   27
   24   22   20   21   21   22   25   28   28   29   31   35   37   38   38   39
   39   38   39   42   45   51   56   60   67   73   76   78   80   81   82   83
   86   89   91   96   97   96   95   93   91   87   80   75   68   63   59   55
   52   51   48   45   44   45   45   44   43
    47.5-180.0 180.0   5.0 450.0                            LAT/LON1/LON2/DLON/H
   46   44   43   44   42   41   40   37   33   29   28   28   29   31   30   29
   26   25   24   25   28   32   36   39   40   41   41   43   46   49   49   49
   48   47   48   49   51   56   60   63   69   73   77   79   82   84   86   88
   90   92   94   95   96   95   95   95   94   91   85   79   72   65   60   54
   52   50   49   49   50   49   49   48   46
    45.0-180.0 180.0   5.0 450.0                            LAT/LON1/LON2/DLON/H
   49   47   46   48   48   46   44   40   36   32   30   31   33   35   35   34
   32   31   31   35   41   47   53   58   58   56   54   55   55   58   58   56
   53   53   55   57   59   61   64   66   70   75   79   81   85   88   91   94
   95   96   95   94   93   92   93   94   93   92   86   81   73   67   59   54
   50   49   49   50   52   52   53   52   49
    42.5-180.0 180.0   5.0 450.0                            LAT/LON1/LON2/DLON/H
   51   48   48   51   51   50   48   43   38   34   33   34   37   41   42   42
   40   41   43   49   57   65   74   78   75   71   68   66   64   65   64   60
   57   57   60   62   66   67   69   70   74   79   81   85   89   92   96   98
   99   99   96   94   91   90   90   90   90   90   87   83   75   69   61   57
   52   51   49   49   53   54   56   55   51
    40.0-180.0 180.0   5.0 450.0                            LAT/LON1/LON2/DLON/H
   51   48   48   52   54   53   51   46   41   38   37   39   43   48   51   51
   51   53   58   66   76   85   93   94   89   82   78   73   70   69   67   64
   61   61   64   68   72   74   74   77   80   85   88   90   93   96  100  102
  103  103   98   94   91   90   89   89   89   90   89   86   81   76   70   63
   57   53   50   49   52   53   56   54   51
    37.5-180.0 180.0   5.0 450.0                            LAT/LON1/LON2/DLON/H
   49   47   48   51   53   53   52   48   43   40   41   46   50   57   61   64
   64   68   74   83   94  102  107  105   96   88   81   76   72   70   69   68
   66   66   70   74   80   81   81   84   87   91   95   96   99  102  105  108
  108  105  100   96   93   93   91   91   93   95   96   96   93   88   81   73
   65   59   54   51   49   48   53   52   49
    35.0-180.0 180.0   5.0 450.0                            LAT/LON1/LON2/DLON/H
   48   46   47   49   51   52   50   48   45   43   46   53   59   66   72   77
   80   85   90   99  108  115  117  110  101   91   81   76   72   71   71   70
   69   69   75   81   86   88   89   91   94   98  100  102  105  110  113  115
  114  110  105  102  100  101  100  102  105  110  113  115  111  106   98   89
   79   68   60   53   48   45   49   51   48
    32.5-180.0 180.0   5.0 450.0                            LAT/LON1/LON2/DLON/H
   49   47   47   48   49   50   48   46   44   44   49   58   65   76   83   88
   94   98  103  110  116  122  120  112  103   93   81   75   72   73   72   71
   70   72   79   87   92   93   94   96  100  104  106  109  112  117  120  121
  118  114  111  113  114  116  119  125  133  140  142  147  142  136  127  115
   99   83   71   61   53   49   49   51   49
    30.0-180.0 180.0   5.0 450.0                            LAT/LON1/LON2/DLON/H
   52   50   48   47   48   48   46   44   42   44   50   59   66   81   91   98
  103  107  111  116  121  122  117  107   97   91   79   72   71   72   71   71
   73   76   83   92   96   96   97   99  103  108  111  114  117  123  125  126
  124  121  122  128  133  140  149  160  173  182  184  187  183  178  167  151
  125  105   90   75   64   54   53   53   52
    27.5-180.0 180.0   5.0 450.0                            LAT/LON1/LON2/DLON/H
   58   55   52   48   47   45   44   42   41   42   47   57   65   79   90   99
  105  108  113  115  117  115  108   94   83   77   72   67   67   70   70   72
   76   81   87   95  100  100  100  101  105  109  112  117  122  127  131  132
  130  131  138  149  158  167  183  198  211  224  227  230  227  222  209  191
  161  135  114   92   78   65   59   59   58
    25.0-180.0 180.0   5.0 450.0                            LAT/LON1/LON2/DLON/H
   67   63   58   53   49   44   43   42   40   41   44   50   57   70   82   90
  100  101  103  104  103  101   94   81   71   65   63   61   63   67   70   74
   78   84   92   99  102  103  101  103  106  105  110  120  126  133  138  140
  140  144  155  172  186  198  218  234  241  253  263  267  264  257  242  225
  197  167  137  111   95   78   71   70   67
    22.5-180.0 180.0   5.0 450.0                            LAT/LON1/LON2/DLON/H
   77   73   66   59   53   48   44   43   41   40   41   44   49   59   70   79
   88   90   89   88   87   85   80   73   67   61   58   56   59   63   67   72
   77   82   93  101  104  104  105  108  111  109  113  124  133  141  147  152
  153  162  177  192  210  225  245  256  260  270  282  282  278  275  261  245
  221  192  158  136  116   93   83   80   77
    20.0-180.0 180.0   5.0 450.0                            LAT/LON1/LON2/DLON/H
   86   82   74   64   57   51   48   46   44   42   41   42   45   51   59   68
   78   79   78   76   77   76   72   69   65   60   56   54   55   58   62   69
   75   81   91   99  104  106  108  113  119  120  126  135  144  151  160  166
  170  179  194  212  228  243  256  261  269  276  279  275  270  270  263  250
  230  203  174  154  127  105   95   90   86
    17.5-180.0 180.0   5.0 450.0                            LAT/LON1/LON2/DLON/H
   92   87   80   70   60   53   51   50   48   45   43   41   41   46   52   62
   73   73   71   70   71   72   70   69   65   62   58   54   53   53   57   65
   73   81   90   99  105  110  115  122  130  134  141  149  157  165  174  180
  185  192  207  223  238  250  256  260  265  267  265  259  255  254  251  241
  225  203  179  161  138  118  104   97   92
    15.0-180.0 180.0   5.0 450.0                            LAT/LON1/LON2/DLON/H
   98   92   84   74   63   56   52   54   54   51   47   44   42   45   51   58
   70   70   68   67   70   73   73   72   67   65   61   55   51   48   51   60
   70   79   90  100  108  115  123  133  142  149  158  164  172  180  189  192
  197  205  216  231  243  250  251  252  252  252  248  241  236  233  232  223
  211  194  176  159  142  127  113  103   98
    12.5-180.0 180.0   5.0 450.0                            LAT/LON1/LON2/DLON/H
  103   96   88   77   68   59   54   58   60   57   53   49   45   47   50   55
   63   63   62   64   70   77   78   76   70   65   61   55   48   43   45   55
   65   77   90  102  113  122  133  144  156  166  175  180  185  194  202  205
  211  218  226  235  241  244  241  237  236  235  229  223  216  212  209  202
  194  182  168  155  142  131  119  109  103
    10.0-180.0 180.0   5.0 450.0                            LAT/LON1/LON2/DLON/H
  106   99   91   82   71   62   57   60   64   64   60   56   51   49   49   51
   56   57   58   61   69   77   78   75   69   63   60   53   45   41   41   50
   63   76   91  106  117  129  141  153  166  180  190  196  201  206  211  216
  221  226  232  236  238  236  230  224  222  219  214  209  203  198  195  189
  180  169  157  148  138  129  120  112  106
     7.5-180.0 180.0   5.0 450.0                            LAT/LON1/LON2/DLON/H
  106  100   93   85   74   65   61   62   67   69   67   63   59   54   50   49
   52   56   58   62   70   75   75   72   66   61   57   50   44   39   40   50
   63   77   92  107  121  134  146  160  176  191  203  208  210  212  214  217
  222  227  234  236  236  231  225  220  217  214  211  206  202  198  194  188
  176  163  149  139  129  123  119  111  106
     5.0-180.0 180.0   5.0 450.0                            LAT/LON1/LON2/DLON/H
  105   99   94   86   76   67   64   63   68   71   73   72   68   60   55   54
   57   61   63   65   70   74   72   69   64   60   55   50   50   42   44   55
   68   81   96  111  124  136  149  164  180  197  208  211  210  209  210  211
  216  226  234  237  237  234  229  228  226  223  221  217  215  213  210  203
  186  167  151  139  129  124  118  112  105
     2.5-180.0 180.0   5.0 450.0                            LAT/LON1/LON2/DLON/H
  107  100   93   86   77   69   66   66   68   72   77   78   77   69   61   62
   66   69   69   68   69   71   70   67   63   59   57   57   56   50   54   65
   78   88  100  114  125  137  149  162  179  195  204  206  204  202  203  205
  211  225  236  240  240  239  241  247  249  247  244  240  241  243  240  227
  207  185  166  151  139  130  122  114  107
