src/controller/resources/gnss/igsg0080.10i
     1.0            IONOSPHERE MAPS     MIX                 IONEX VERSION / TYPE
cmpcmb v1.2          GRL/UWM            20-jan-10 08:20     PGM / RUN BY / DATE 
ionex file containing IGS COMBINED Ionosphere maps          COMMENT             
global ionosphere maps for day 008, 2010                    DESCRIPTION         
IONEX file containing the COMBINED IGS TEC MAPS and DCBs    DESCRIPTION         
      IONEX files of the following IAACs were combined: cod DESCRIPTION         
                                                        upc DESCRIPTION         
Contact address: Andrzej Krankowski                         DESCRIPTION
                 Geodynamics Research Laboratory            DESCRIPTION
                 University of Warmia and Mazury (GRL/UWM)  DESCRIPTION
                 Oczapowski St. 1                           DESCRIPTION
                 10-957-Olsztyn, POLAND                     DESCRIPTION
                 e-mail:  kand@uwm.edu.pl                   DESCRIPTION
                                                            DESCRIPTION
  2010     1     8     0     0     0                        EPOCH OF FIRST MAP  
  2010     1     9     0     0     0                        EPOCH OF LAST MAP   
  7200                                                      INTERVAL            
    13                                                      # OF MAPS IN FILE   
  COSZ                                                      MAPPING FUNCTION    
     0.0                                                    ELEVATION CUTOFF    
combined TEC calculated as weighted mean of input TEC valuesOBSERVABLES USED    
   264                                                      # OF STATIONS       
    32                                                      # OF SATELLITES     
  6371.0                                                    BASE RADIUS         
     2                                                      MAP DIMENSION       
   450.0 450.0   0.0                                        HGT1 / HGT2 / DHGT  
    87.5 -87.5  -2.5                                        LAT1 / LAT2 / DLAT  
  -180.0 180.0   5.0                                        LON1 / LON2 / DLON  
    -1                                                      EXPONENT            
TEC values in 0.1 tec units;  9999, if no value available   COMMENT             
DCB values in nanoseconds, reference is Sum_of_SatDCBs = 0  COMMENT             
                                                            END OF HEADER       
[from data line 429]
     2                                                      START OF TEC MAP    
  2010     1     8     2     0     0                        EPOCH OF CURRENT MAP
    87.5-180.0 180.0   5.0 450.0                            LAT/LON1/LON2/DLON/H
   16   16   16   16   17   17   17   17   17   18   18   18   18   18   18   18
   18   17   17   17   16   16   16   15   15   15   15   14   14   15   15   15
   14   14   14   14   14   14   14   14   14   14   14   14   14   14   14   13
   13   13   13   13   12   12   13   13   13   13   13   14   14   14   14   14
   15   15   15   15   15   16   16   16   16
    85.0-180.0 180.0   5.0 450.0                            LAT/LON1/LON2/DLON/H
   18   19   20   20   20   21   21   21   21   21   21   21   21   21   21   21
   20   19   19   19   18   17   16   16   15   15   15   14   14   13   13   13
   12   12   12   13   13   13   13   13   13   13   14   14   14   14   14   14
   14   14   14   13   14   13   13   12   12   12   12   13   13   13   13   13
   14   14   14   15   15   15   16   18   18
    82.5-180.0 180.0   5.0 450.0                            LAT/LON1/LON2/DLON/H
   18   19   20   21   22   23   22   23   22   23   23   23   23   23   23   22
   21   21   20   20   18   17   15   15   14   13   12   11   11   10   10   10
   10   11   11   11   12   13   13   14   14   15   15   15   15   15   15   16
   16   16   16   16   16   16   15   14   14   13   13   14   14   14   14   15
   15   15   15   15   15   16   17   18   18
    80.0-180.0 180.0   5.0 450.0                            LAT/LON1/LON2/DLON/H
   18   19   19   20   22   22   23   23   23   24   25   25   26   26   25   24
   23   22   21   19   18   16   16   14   13   13   11   10   10    9    9    9
   10   10   11   12   13   13   14   15   16   17   17   17   17   17   16   17
   17   17   18   18   19   19   19   18   17   17   16   16   16   16   16   16
   16   16   15   16   16   16   17   17   18
    77.5-180.0 180.0   5.0 450.0                            LAT/LON1/LON2/DLON/H
   19   20   21   23   23   24   25   25   26   27   28   28   27   27   25   24
   22   20   18   18   19   16   16   13   12   10    9    9    9    9    9   10
   10   10   11   12   13   14   15   16   17   19   20   20   19   18   17   17
   17   18   19   20   21   23   25   24   23   22   21   20   20   20   19   19
   19   19   18   18   19   18   19   19   19
    75.0-180.0 180.0   5.0 450.0                            LAT/LON1/LON2/DLON/H
   24   24   24   24   25   26   27   27   28   27   27   27   26   25   24   23
   22   20   20   19   17   16   16   15   14   13   12   10    9   10   10   11
   11   13   13   13   14   15   16   17   18   19   21   23   22   20   18   17
   17   19   19   19   21   27   30   29   28   27   27   25   25   25   25   25
   25   25   25   25   25   24   24   23   24
    72.5-180.0 180.0   5.0 450.0                            LAT/LON1/LON2/DLON/H
   31   28   27   27   27   28   28   28   28   27   27   25   24   23   21   21
   21   20   20   19   17   17   17   17   16   14   13   12   11   12   12   15
   14   14   13   14   15   16   16   17   17   18   19   20   20   19   17   17
   18   18   18   19   22   28   32   32   31   31   30   30   31   31   31   32
   33   33   33   34   33   33   31   30   31
    70.0-180.0 180.0   5.0 450.0                            LAT/LON1/LON2/DLON/H
   37   35   32   31   30   30   29   29   28   26   24   23   21   19   18   17
   18   18   19   18   18   18   18   19   19   16   14   13   13   13   12   15
   16   16   15   15   15   16   16   16   16   17   18   17   17   17   16   16
   16   17   18   19   21   27   31   31   32   33   34   34   36   37   38   40
   41   42   42   43   43   42   40   39   37
    67.5-180.0 180.0   5.0 450.0                            LAT/LON1/LON2/DLON/H
   45   43   39   36   34   32   31   30   28   25   23   20   17   15   14   13
   14   15   16   17   18   18   18   20   20   18   17   16   15   15   15   15
   16   15   15   16   15   15   15   14   14   15   16   17   18   18   17   17
   16   16   16   19   21   24   28   31   33   35   36   38   40   42   44   46
   48   49   51   52   52   52   50   49   45
    65.0-180.0 180.0   5.0 450.0                            LAT/LON1/LON2/DLON/H
   53   49   45   40   37   35   33   31   29   26   22   19   15   13   12   13
   12   13   14   16   19   20   20   21   21   20   19   17   18   19   18   18
   16   16   16   15   16   15   15   14   13   14   15   17   19   20   20   20
   19   18   17   17   21   24   28   32   34   36   38   40   42   46   49   52
   53   54   56   58   59   60   59   57   53
    62.5-180.0 180.0   5.0 450.0                            LAT/LON1/LON2/DLON/H
   59   54   51   45   40   38   35   32   30   27   23   20   16   13   11   12
   11   12   13   15   19   19   20   21   22   21   20   19   19   21   20   21
   17   17   18   16   15   15   13   13   13   14   17   19   22   24   25   25
   24   21   19   19   21   24   28   32   36   37   40   42   45   50   53   57
   58   58   60   62   64   66   65   63   59
    60.0-180.0 180.0   5.0 450.0                            LAT/LON1/LON2/DLON/H
   65   60   55   50   44   40   37   34   31   28   25   22   19   15   13   11
   11   11   12   15   16   15   17   19   22   22   22   25   22   23   22   23
   19   18   18   17   16   16   15   15   16   19   22   25   28   29   31   31
   29   25   23   22   22   26   29   34   37   39   42   46   51   56   61   63
   60   62   64   65   68   70   69   67   65
    57.5-180.0 180.0   5.0 450.0                            LAT/LON1/LON2/DLON/H
   70   66   62   56   49   43   39   35   32   29   27   25   22   19   17   14
   13   12   11   13   13   12   13   16   23   24   24   29   27   26   26   24
   22   21   20   20   19   19   20   21   24   26   30   34   36   37   38   38
   36   32   28   26   26   29   32   38   41   44   47   52   59   64   69   71
   70   70   72   70   71   72   72   71   70
    55.0-180.0 180.0   5.0 450.0                            LAT/LON1/LON2/DLON/H
   77   73   70   65   55   48   42   37   34   31   30   28   26   24   22   18
   16   14   12   12   14   13   13   15   22   23   26   33   34   32   31   30
   27   27   28   28   29   28   29   30   32   34   37   40   44   46   47   46
   43   39   34   32   31   33   38   44   48   50   54   57   63   68   79   86
   89   91   87   79   76   76   76   75   77
    52.5-180.0 180.0   5.0 450.0                            LAT/LON1/LON2/DLON/H
   85   82   78   71   64   55   48   41   36   33   31   29   28   27   25   23
   20   17   14   13   15   14   14   16   21   25   33   40   44   40   39   39
   38   37   39   38   37   37   38   40   41   42   43   46   49   52   52   50
   48   44   39   36   35   37   43   49   53   57   59   62   66   71   82   93
  100  104   98   94   87   84   84   85   85
    50.0-180.0 180.0   5.0 450.0                            LAT/LON1/LON2/DLON/H
   97   90   84   79   72   65   55   46   40   36   32   30   30   30   28   26
   23   21   17   17   16   17   18   22   26   33   41   48   53   51   50   48
   47   47   49   47   45   45   47   49   49   49   49   51   53   55   55   53
   50   46   41   38   39   42   48   53   58   61   64   67   72   76   83   91
   99  104  100  100   99   95   94   95   97
    47.5-180.0 180.0   5.0 450.0                            LAT/LON1/LON2/DLON/H
  103   96   91   86   81   74   64   54   46   40   34   32   32   32   30   29
   27   25   22   22   22   25   29   34   40   47   53   60   63   59   58   54
   54   54   56   55   53   54   54   55   56   56   54   55   56   57   56   54
   51   47   43   42   44   48   53   58   62   65   69   72   79   84   87   92
  100  101   97  100  104  106  108  105  103
    45.0-180.0 180.0   5.0 450.0                            LAT/LON1/LON2/DLON/H
  102   99   97   94   90   82   73   63   53   44   38   35   34   33   33   33
   32   30   28   30   33   37   42   50   57   63   68   73   74   66   63   59
   58   59   61   61   60   60   60   60   61   60   58   57   57   57   57   56
   53   50   47   47   49   54   58   62   67   70   73   77   83   87   90   93
   98   98   97   97  100  106  112  108  102
    42.5-180.0 180.0   5.0 450.0                            LAT/LON1/LON2/DLON/H
   97   97   98   97   95   88   81   72   62   51   43   39   36   36   36   37
   37   36   37   41   47   52   59   67   74   78   82   82   80   72   69   63
   61   62   63   63   62   63   63   62   63   62   60   58   57   57   57   57
   55   52   50   51   54   58   63   66   71   73   76   78   83   88   90   93
   96   98   97   95   94  103  105  104   97
    40.0-180.0 180.0   5.0 450.0                            LAT/LON1/LON2/DLON/H
   94   96   98   97   94   89   84   77   68   57   50   44   41   40   41   42
   43   45   48   53   61   67   74   82   87   89   90   88   82   72   68   66
   65   64   64   63   62   62   63   63   63   62   60   58   57   57   57   57
   55   53   51   54   58   63   66   70   73   75   77   79   83   87   91   94
   97   98   97   94   91   93   98   95   94
    37.5-180.0 180.0   5.0 450.0                            LAT/LON1/LON2/DLON/H
   93   93   94   93   89   86   83   79   73   65   58   52   49   47   47   49
   51   55   59   65   72   79   87   93   95   96   94   89   81   71   68   66
   66   64   63   63   63   63   63   62   62   62   60   58   56   56   57   57
   55   53   53   56   61   66   70   72   74   77   78   80   83   87   91   94
   97   98   97   94   91   90   92   93   93
    35.0-180.0 180.0   5.0 450.0                            LAT/LON1/LON2/DLON/H
   95   92   88   85   81   79   78   76   74   70   65   59   57   56   56   59
   62   65   68   74   82   89   96  100  100   99   94   88   79   68   65   64
   65   64   63   64   65   64   62   61   61   61   60   57   55   57   58   57
   56   54   54   57   63   69   73   74   75   77   78   80   83   86   89   93
   96   98   99   96   94   93   94   96   95
    32.5-180.0 180.0   5.0 450.0                            LAT/LON1/LON2/DLON/H
  104   96   87   79   74   71   70   70   71   71   70   67   65   66   66   69
   71   73   76   82   88   95   99  101   99   98   93   84   75   67   65   64
   65   64   63   65   65   64   63   60   59   59   58   56   54   55   57   57
   54   52   53   57   64   71   74   76   77   79   81   83   86   88   90   94
   98  100  102  101  100  101  105  106  104
    30.0-180.0 180.0   5.0 450.0                            LAT/LON1/LON2/DLON/H
  120  110   96   82   73   66   63   63   65   70   71   70   70   74   75   77
   79   79   80   85   90   93   97   97   94   94   88   79   72   67   66   66
   66   66   65   65   66   66   64   59   57   56   54   52   51   53   55   54
   52   50   53   59   67   73   77   78   80   83   87   90   93   96   97  101
  107  109  113  111  112  115  121  125  120
    27.5-180.0 180.0   5.0 450.0                            LAT/LON1/LON2/DLON/H
  146  137  116   96   81   70   63   59   60   66   70   71   71   76   80   81
   81   81   81   83   87   88   89   87   86   85   80   74   70   68   70   70
   69   68   67   67   66   66   65   59   56   53   50   48   48   49   50   50
   48   49   53   61   70   76   80   81   84   90   96  102  105  109  111  116
  122  128  134  131  133  139  147  155  146
    25.0-180.0 180.0   5.0 450.0                            LAT/LON1/LON2/DLON/H
  187  168  146  122  101   87   73   63   58   62   67   69   70   72   76   77
   78   78   77   75   77   77   77   77   74   74   70   68   67   70   73   74
   72   70   68   67   66   65   63   57   52   49   46   44   44   45   46   45
   45   49   55   63   73   80   83   86   91   98  107  115  121  128  132  138
  146  154  163  162  174  175  186  196  187
    22.5-180.0 180.0   5.0 450.0                            LAT/LON1/LON2/DLON/H
  233  214  186  167  138  113   91   76   64   61   66   69   69   66   68   71
   73   72   70   67   66   65   65   66   65   64   63   62   65   70   74   76
   73   69   66   65   65   63   60   54   49   45   42   40   39   41   42   42
   43   48   55   65   76   83   85   90   97  106  117  129  139  150  158  169
  178  192  197  201  217  220  231  241  233
    20.0-180.0 180.0   5.0 450.0                            LAT/LON1/LON2/DLON/H
  276  264  237  219  187  154  123  101   80   70   70   72   69   64   62   67
   66   66   64   61   59   58   57   59   60   61   59   59   63   68   73   75
   72   67   64   62   62   61   57   51   46   41   38   36   36   37   39   39
   41   46   56   67   77   84   87   93  102  115  129  144  157  172  186  198
  213  227  231  239  252  262  270  281  276
    17.5-180.0 180.0   5.0 450.0                            LAT/LON1/LON2/DLON/H
  303  297  281  268  240  199  164  136  109   92   83   80   74   68   62   65
   64   63   59   59   57   58   58   60   62   61   60   59   63   65   70   72
   69   66   62   60   61   60   54   48   44   39   36   34   35   36   37   37
   40   46   56   68   78   84   90   98  110  127  145  162  175  192  207  222
  237  250  256  262  272  281  290  300  303
    15.0-180.0 180.0   5.0 450.0                            LAT/LON1/LON2/DLON/H
  304  305  304  299  277  243  206  174  145  119  107   95   84   74   66   66
   65   64   61   60   61   64   64   66   67   68   67   65   64   63   67   69
   68   65   61   59   60   58   52   46   42   39   37   36   35   36   36   36
   39   46   58   72   82   88   96  106  121  141  159  178  192  207  223  236
  248  258  265  270  274  279  289  300  304
    12.5-180.0 180.0   5.0 450.0                            LAT/LON1/LON2/DLON/H
  286  294  300  303  291  268  241  213  182  151  136  112   95   82   73   69
   67   66   64   65   68   70   71   72   73   74   73   70   64   61   64   68
   68   65   63   60   60   56   50   45   42   39   38   38   38   38   36   36
   39   48   61   75   85   93  102  115  133  152  167  186  199  213  228  240
  249  256  263  265  266  269  274  283  286
    10.0-180.0 180.0   5.0 450.0                            LAT/LON1/LON2/DLON/H
  262  269  280  292  289  281  265  238  216  186  159  137  114   96   83   76
   72   70   69   70   74   78   80   78   77   75   73   69   64   61   63   68
   70   68   66   63   60   54   50   46   43   42   41   41   41   39   37   37
   41   50   63   76   85   94  105  122  141  158  170  184  195  210  224  233
  241  245  250  249  249  252  256  260  262
     7.5-180.0 180.0   5.0 450.0                            LAT/LON1/LON2/DLON/H
  237  243  254  270  277  278  272  258  239  213  186  161  137  117  102   89
   83   82   81   82   84   87   89   87   84   79   74   75   71   67   67   72
   75   74   71   66   61   57   52   48   45   45   45   44   43   41   39   38
   43   52   65   77   85   93  106  124  143  158  168  180  191  202  214  221
  227  228  228  230  229  231  236  237  237
     5.0-180.0 180.0   5.0 450.0                            LAT/LON1/LON2/DLON/H
  216  220  231  243  257  264  263  257  246  227  205  184  161  142  127  113
  103  100   98   99   98   99  101   99   94   88   84   85   83   77   76   79
   82   80   77   71   66   60   56   51   49   48   47   46   43   41   39   40
   44   55   67   78   86   95  108  124  141  155  165  175  185  195  204  210
  215  212  211  214  212  214  219  219  216
     2.5-180.0 180.0   5.0 450.0                            LAT/LON1/LON2/DLON/H
  205  207  214  224  237  245  246  245  239  231  216  200  181  164  151  138
  127  122  117  116  111  111  113  109  104   99   96   97   95   89   87   89
   91   87   82   77   71   66   60   54   52   50   47   45   42   40   40   41
   48   58   71   80   91  100  110  125  139  151  162  172  182  191  199  204
  207  206  204  204  204  207  211  207  205
