src/controller/resources/gnss/igsg0080.10i
     1.0            IONOSPHERE MAPS     MIX                 IONEX VERSION / TYPE
cmpcmb v1.2          GRL/UWM            20-jan-10 08:20     PGM / RUN BY / DATE 
ionex file containing IGS COMBINED Ionosphere maps          COMMENT             
global ionosphere maps for day 008, 2010                    DESCRIPTION         
IONEX file containing the COMBINED IGS TEC MAPS and DCBs    DESCRIPTION         
      IONEX files of the following IAACs were combined: cod DESCRIPTION         
                                                        upc DESCRIPTION         
Contact address: Andrzej Krankowski                         DESCRIPTION
                 Geodynamics Research Laboratory            DESCRIPTION
                 University of Warmia and Mazury (GRL/UWM)  DESCRIPTION
                 Oczapowski St. 1                           DESCRIPTION
                 10-957-Olsztyn, POLAND                     DESCRIPTION
                 e-mail:  kand@uwm.edu.pl                   DESCRIPTION
                                                            DESCRIPTION
  2010     1     8     0     0     0                        EPOCH OF FIRST MAP  
  2010     1     9     0     0     0                        EPOCH OF LAST MAP   
  7200                                                      INTERVAL            
    13                                                      # OF MAPS IN FILE   
  COSZ                                                      MAPPING FUNCTION    
     0.0                                                    ELEVATION CUTOFF    
combined TEC calculated as weighted mean of input TEC valuesOBSERVABLES USED    
   264                                                      # OF STATIONS       
    32                                                      # OF SATELLITES     
  6371.0                                                    BASE RADIUS         
     2                                                      MAP DIMENSION       
   450.0 450.0   0.0                                        HGT1 / HGT2 / DHGT  
    87.5 -87.5  -2.5                                        LAT1 / LAT2 / DLAT  
  -180.0 180.0   5.0                                        LON1 / LON2 / DLON  
    -1                                                      EXPONENT            
TEC values in 0.1 tec units;  9999, if no value available   COMMENT             
DCB values in nanoseconds, reference is Sum_of_SatDCBs = 0  COMMENT             
                                                            END OF HEADER       
[from data line 1287]
     4                                                      START OF TEC MAP    
  2010     1     8     6     0     0                        EPOCH OF CURRENT MAP
    87.5-180.0 180.0   5.0 450.0                            LAT/LON1/LON2/DLON/H
   17   17   17   16   16   16   16   16   16   16   16   15   15   15   15   15
   15   15   15   14   14   14   14   14   14   14   14   15   15   15   15   15
   15   16   16   16   16   16   17   17   17   17   17   17   18   18   18   18
   18   18   18   18   18   18   18   18   18   18   18   18   18   18   18   18
   18   18   18   17   17   17   17   17   17
    85.0-180.0 180.0   5.0 450.0                            LAT/LON1/LON2/DLON/H
   18   18   17   17   17   17   17   17   17   16   16   15   15   15   14   14
   14   13   13   13   12   12   12   12   12   13   13   13   13   14   14   15
   15   16   16   17   17   17   18   18   18   19   19   19   19   19   20   20
   20   20   20   20   20   20   20   20   19   19   19   19   19   19   19   19
   19   19   19   19   19   18   18   18   18
    82.5-180.0 180.0   5.0 450.0                            LAT/LON1/LON2/DLON/H
   18   18   18   18   18   17   17   17   17   16   16   16   15   15   14   14
   14   13   13   11   12   11   11   12   12   12   12   13   14   14   15   15
   16   17   17   18   19   19   19   20   20   20   20   20   20   20   20   20
   20   21   21   21   22   21   21   21   21   21   21   21   21   21   21   21
   20   21   20   20   19   19   19   18   18
    80.0-180.0 180.0   5.0 450.0                            LAT/LON1/LON2/DLON/H
   20   19   19   18   18   17   17   17   17   19   18   18   17   17   17   16
   16   17   16   16   14   10   11   11   11   10    9    9   11   12   12   13
   15   16   18   18   19   20   21   21   21   21   21   21   21   21   21   21
   21   22   22   22   23   24   23   23   23   23   23   22   23   22   22   22
   22   22   21   21   20   20   20   20   20
    77.5-180.0 180.0   5.0 450.0                            LAT/LON1/LON2/DLON/H
   20   20   19   19   19   19   19   19   18   17   18   18   18   17   17   17
   17   16   15   13   12   11    8    9   10   10   10   10   11   12   13   15
   16   18   19   19   20   20   21   20   21   22   21   21   22   22   22   23
   24   24   24   25   26   26   27   27   26   26   25   25   25   24   24   24
   23   22   21   21   21   21   21   21   20
    75.0-180.0 180.0   5.0 450.0                            LAT/LON1/LON2/DLON/H
   21   21   20   20   19   18   17   16   16   16   17   17   18   18   18   18
   18   17   16   15   13   12   10    9    9    9    9   10   11   12   14   16
   17   19   20   20   21   21   21   20   20   21   22   22   22   23   24   26
   27   28   29   29   30   31   32   32   31   30   29   28   27   27   26   25
   24   23   22   22   22   22   22   22   21
    72.5-180.0 180.0   5.0 450.0                            LAT/LON1/LON2/DLON/H
   22   21   21   19   18   17   15   15   15   15   15   16   17   18   19   20
   21   20   19   17   15   13   12   10   10   11   11   11   12   14   15   17
   18   19   19   19   20   19   20   20   20   21   22   22   23   24   26   29
   31   32   34   36   37   38   38   37   36   35   34   32   31   30   28   27
   26   24   23   23   23   23   23   22   22
    70.0-180.0 180.0   5.0 450.0                            LAT/LON1/LON2/DLON/H
   23   22   21   20   18   16   15   14   13   13   14   15   16   18   21   23
   23   23   21   19   16   14   12   12   11   12   13   13   15   16   18   19
   19   20   20   20   20   19   17   17   18   20   21   22   25   27   30   34
   36   39   41   43   44   45   45   44   43   41   38   37   35   33   31   30
   28   26   25   24   23   23   23   23   23
    67.5-180.0 180.0   5.0 450.0                            LAT/LON1/LON2/DLON/H
   24   23   23   22   20   18   15   13   12   12   13   14   16   19   22   24
   25   24   23   19   16   14   14   13   13   14   16   17   18   19   20   21
   21   21   21   21   20   19   17   16   17   21   23   24   27   30   35   39
   43   45   49   51   52   52   52   51   49   47   45   43   40   38   36   34
   32   29   27   26   24   24   23   24   24
    65.0-180.0 180.0   5.0 450.0                            LAT/LON1/LON2/DLON/H
   25   25   25   23   22   19   16   13   12   11   11   13   16   19   22   24
   27   25   23   20   16   15   14   14   14   16   18   20   22   23   23   22
   23   23   22   22   21   20   19   18   20   24   25   28   31   35   40   45
   50   53   55   57   58   59   58   58   57   56   53   51   49   46   43   39
   37   34   31   27   26   24   24   25   25
    62.5-180.0 180.0   5.0 450.0                            LAT/LON1/LON2/DLON/H
   26   26   26   25   23   21   19   15   13   11   11   13   15   19   22   25
   26   24   21   18   15   14   13   14   15   18   21   23   25   26   26   24
   25   24   23   22   22   21   21   22   24   27   29   32   36   41   48   52
   56   58   61   63   64   65   65   65   65   65   64   62   59   57   52   48
   43   40   36   32   28   26   25   26   26
    60.0-180.0 180.0   5.0 450.0                            LAT/LON1/LON2/DLON/H
   27   28   27   27   26   23   21   18   14   12   12   13   15   19   22   24
   24   23   19   16   13   12   13   13   15   19   23   26   28   29   28   27
   26   25   24   22   23   23   23   25   27   30   32   36   42   46   53   58
   61   63   65   67   69   70   71   72   73   74   74   73   72   69   64   59
   54   49   44   37   32   29   28   27   27
    57.5-180.0 180.0   5.0 450.0                            LAT/LON1/LON2/DLON/H
   32   31   29   29   27   26   23   20   17   15   14   14   16   20   22   24
   23   21   17   13   12   12   14   14   15   19   23   29   31   31   30   29
   29   27   24   24   25   26   28   30   31   33   37   42   46   52   59   63
   65   66   68   71   72   74   76   78   82   83   82   82   82   81   75   70
   63   59   53   46   39   35   34   32   32
    55.0-180.0 180.0   5.0 450.0                            LAT/LON1/LON2/DLON/H
   36   34   33   31   30   28   27   24   21   18   16   15   17   20   22   23
   22   19   15   11   12   12   14   15   15   22   23   28   34   31   30   30
   32   30   28   28   29   31   33   35   37   38   42   46   51   57   62   67
   69   70   71   72   74   78   80   83   86   88   89   90   91   89   85   79
   74   67   59   53   47   43   41   38   36
    52.5-180.0 180.0   5.0 450.0                            LAT/LON1/LON2/DLON/H
   41   39   36   35   33   31   29   27   24   22   19   18   18   20   21   22
   22   18   14   13   13   13   14   16   19   26   27   31   36   35   34   35
   35   35   35   35   36   37   39   41   42   44   47   51   55   61   66   69
   70   72   73   74   77   80   84   86   88   89   91   93   94   93   90   86
   80   72   63   57   52   49   46   44   41
    50.0-180.0 180.0   5.0 450.0                            LAT/LON1/LON2/DLON/H
   49   44   40   38   36   34   32   30   27   25   22   21   21   21   22   22
   21   19   16   15   15   16   16   22   29   36   36   40   44   44   44   43
   43   41   40   40   41   41   42   45   46   48   51   55   60   65   67   69
   72   74   75   77   80   84   86   86   87   88   89   90   91   91   91   89
   82   74   63   57   53   51   51   49   49
    47.5-180.0 180.0   5.0 450.0                            LAT/LON1/LON2/DLON/H
   54   51   45   42   40   37   35   32   30   29   27   25   24   23   23   23
   23   22   19   19   20   24   28   37   43   49   49   52   56   57   54   52
   50   47   46   45   45   45   46   47   50   52   56   60   64   67   69   71
   74   76   78   81   84   86   88   88   86   85   85   85   86   86   88   86
   81   71   63   56   53   52   54   55   54
    45.0-180.0 180.0   5.0 450.0                            LAT/LON1/LON2/DLON/H
   57   53   49   46   44   41   37   35   35   33   31   28   28   27   27   27
   27   28   27   29   32   39   46   56   61   67   64   66   69   65   61   58
   56   53   51   49   49   49   50   51   55   58   62   66   68   71   73   75
   77   80   84   86   89   90   90   88   86   84   80   80   80   80   82   80
   77   70   63   56   52   51   52   56   57
    42.5-180.0 180.0   5.0 450.0                            LAT/LON1/LON2/DLON/H
   53   52   52   51   48   44   40   38   38   37   36   34   35   34   34   34
   36   39   39   42   48   54   65   75   80   84   80   81   78   69   64   61
   60   57   54   53   52   52   53   56   60   65   68   71   73   76   78   81
   83   88   90   94   96   96   94   90   86   83   79   79   78   79   80   78
   75   70   63   56   52   49   49   51   53
    40.0-180.0 180.0   5.0 450.0                            LAT/LON1/LON2/DLON/H
   48   50   52   53   51   48   44   41   41   42   41   41   41   41   43   45
   47   52   53   58   63   70   81   92   98  100   96   91   83   71   65   64
   62   61   57   55   54   54   57   60   66   71   75   77   79   80   82   85
   89   95   99  103  105  103   99   95   90   87   85   86   86   87   87   84
   80   75   69   59   54   49   47   46   48
    37.5-180.0 180.0   5.0 450.0                            LAT/LON1/LON2/DLON/H
   44   46   50   53   53   50   46   43   44   46   48   48   49   51   53   57
   61   66   68   73   78   85   94  104  111  112  105   97   84   72   68   67
   65   64   60   57   56   57   59   64   70   76   80   81   83   84   86   89
   95  101  108  111  111  109  105  102  100   99  100  102  103  105  103  101
   98   89   82   71   64   56   49   44   44
    35.0-180.0 180.0   5.0 450.0                            LAT/LON1/LON2/DLON/H
   41   42   47   52   54   52   48   46   47   49   53   55   57   60   63   68
   74   80   82   86   90   96  104  112  117  116  109   99   84   72   69   70
   68   65   61   59   57   58   61   67   74   81   85   87   87   87   89   92
   98  105  113  116  116  115  112  111  113  117  124  130  132  135  133  132
  127  116  106   92   80   68   57   46   41
    32.5-180.0 180.0   5.0 450.0                            LAT/LON1/LON2/DLON/H
   44   43   46   50   52   52   49   47   48   51   54   58   62   68   72   79
   85   92   94   96  100  104  108  114  116  117  111   99   83   71   68   70
   69   65   62   59   58   59   62   70   78   85   89   91   90   89   90   90
   88   99  113  119  120  120  120  124  132  144  157  169  175  181  178  178
  166  152  143  121  108   86   68   53   44
    30.0-180.0 180.0   5.0 450.0                            LAT/LON1/LON2/DLON/H
   54   51   49   49   51   52   49   47   48   51   54   59   63   71   79   85
   93  100  101  103  105  105  105  108  112  116  110   96   80   69   67   69
   67   64   61   59   58   58   63   70   80   90   93   93   91   90   90   86
   75   91  111  121  124  125  129  140  157  180  199  217  234  240  237  236
  218  203  190  161  143  115   90   69   54
    27.5-180.0 180.0   5.0 450.0                            LAT/LON1/LON2/DLON/H
   70   60   55   52   52   52   49   48   48   49   52   56   60   67   77   83
   94  101  101  104  102  100   97   99  103  106  101   87   75   69   69   69
   66   62   59   57   55   56   61   70   82   92   93   92   90   90   92   88
   76   95  113  123  127  133  141  160  187  218  243  261  280  293  294  290
  272  254  235  206  191  155  119   90   70
    25.0-180.0 180.0   5.0 450.0                            LAT/LON1/LON2/DLON/H
   88   75   64   59   56   53   50   48   46   48   49   51   55   61   69   78
   88   95   95   96   94   91   86   86   88   90   87   79   72   71   73   70
   64   60   57   53   51   53   59   70   82   90   92   92   91   92   95   93
   91  106  118  126  134  141  158  185  217  253  280  298  311  323  330  321
  307  293  276  260  240  199  154  114   88
    22.5-180.0 180.0   5.0 450.0                            LAT/LON1/LON2/DLON/H
  106   88   77   67   62   58   54   51   48   47   47   48   51   56   61   70
   79   84   84   85   82   79   74   72   74   77   77   73   71   74   75   70
   63   57   54   48   46   51   58   70   82   89   92   93   94   97  101  102
  104  114  123  132  144  155  175  202  238  275  300  311  321  329  332  322
  315  311  303  290  259  224  184  138  106
    20.0-180.0 180.0   5.0 450.0                            LAT/LON1/LON2/DLON/H
  125  102   88   77   70   66   61   57   53   49   48   46   47   51   56   63
   68   71   72   73   71   68   66   65   66   70   72   70   70   73   72   68
   61   54   50   44   42   48   56   68   81   89   94   97  101  106  109  111
  115  122  132  141  155  168  187  210  240  272  293  303  311  312  312  303
  300  301  296  286  266  235  198  159  125
    17.5-180.0 180.0   5.0 450.0                            LAT/LON1/LON2/DLON/H
  139  114  101   86   77   74   69   64   58   53   50   47   46   48   52   56
   60   62   64   65   64   63   64   63   65   69   72   71   70   71   69   63
   56   49   44   41   40   46   55   68   81   91   98  104  110  116  121  124
  129  135  145  159  173  185  200  216  235  256  274  283  284  285  280  274
  272  270  267  264  256  234  208  174  139
    15.0-180.0 180.0   5.0 450.0                            LAT/LON1/LON2/DLON/H
  153  128  110   94   84   79   76   70   62   56   52   50   48   48   47   50
   54   58   60   62   62   64   67   67   68   71   74   74   71   69   64   57
   50   42   38   36   38   45   56   69   83   94  103  111  120  127  135  138
  146  153  165  179  191  202  213  223  232  243  251  254  252  249  246  242
  240  238  238  239  238  226  209  183  153
    12.5-180.0 180.0   5.0 450.0                            LAT/LON1/LON2/DLON/H
  161  139  120  103   91   84   80   75   68   60   56   53   51   48   45   46
   50   54   57   63   65   68   71   71   71   73   76   77   72   65   59   51
   44   37   33   32   35   45   58   72   87   99  109  118  129  140  149  155
  163  173  183  194  204  213  220  225  228  230  230  227  223  216  213  211
  210  214  213  217  219  215  204  184  161
    10.0-180.0 180.0   5.0 450.0                            LAT/LON1/LON2/DLON/H
  163  145  127  111   99   91   85   80   74   67   62   59   55   52   48   47
   49   56   58   65   69   72   73   72   74   75   76   74   68   60   54   47
   40   33   31   31   36   47   61   76   90  104  116  125  137  150  162  170
  179  188  194  200  208  216  220  222  222  219  214  208  202  194  190  190
  192  197  199  203  201  199  194  179  163
     7.5-180.0 180.0   5.0 450.0                            LAT/LON1/LON2/DLON/H
  161  149  133  118  108   98   91   84   78   72   68   65   61   58   55   54
   55   60   62   68   72   74   75   75   78   78   75   72   65   58   52   45
   39   34   34   33   38   51   64   78   92  106  119  130  143  157  169  178
  187  193  196  199  207  214  216  217  217  212  207  201  195  189  185  184
  188  195  198  198  192  188  182  173  161
     5.0-180.0 180.0   5.0 450.0                            LAT/LON1/LON2/DLON/H
  160  149  135  125  114  105   97   89   81   76   72   71   68   66   64   64
   63   68   70   74   78   79   79   80   82   78   76   73   66   58   53   48
   43   39   37   37   43   56   70   82   94  107  119  131  144  157  169  179
  186  190  193  196  204  212  214  216  216  214  211  207  205  202  198  196
  201  208  210  206  195  187  178  170  160
     2.5-180.0 180.0   5.0 450.0                            LAT/LON1/LON2/DLON/H
  162  150  139  127  119  109  100   93   84   78   76   75   72   72   73   74
   73   77   79   82   84   86   85   84   84   80   78   75   68   61   57   53
   50   45   42   43   50   63   74   84   94  105  116  127  141  152  164  172
  179  183  189  193  201  209  214  218  221  223  225  227  230  231  228  228
  231  236  235  228  212  198  184  172  162
