src/controller/resources/gnss/igsg0080.10i
     1.0            IONOSPHERE MAPS     MIX                 IONEX VERSION / TYPE
cmpcmb v1.2          GRL/UWM            20-jan-10 08:20     PGM / RUN BY / DATE 
ionex file containing IGS COMBINED Ionosphere maps          COMMENT             
global ionosphere maps for day 008, 2010                    DESCRIPTION         
IONEX file containing the COMBINED IGS TEC MAPS and DCBs    DESCRIPTION         
      IONEX files of the following IAACs were combined: cod DESCRIPTION         
                                                        upc DESCRIPTION         
Contact address: Andrzej Krankowski                         DESCRIPTION
                 Geodynamics Research Laboratory            DESCRIPTION
                 University of Warmia and Mazury (GRL/UWM)  DESCRIPTION
                 Oczapowski St. 1                           DESCRIPTION
                 10-957-Olsztyn, POLAND                     DESCRIPTION
                 e-mail:  kand@uwm.edu.pl                   DESCRIPTION
                                                            DESCRIPTION
  2010     1     8     0     0     0                        EPOCH OF FIRST MAP  
  2010     1     9     0     0     0                        EPOCH OF LAST MAP   
  7200                                                      INTERVAL            
    13                                                      # OF MAPS IN FILE   
  COSZ                                                      MAPPING FUNCTION    
     0.0                                                    ELEVATION CUTOFF    
combined TEC calculated as weighted mean of input TEC valuesOBSERVABLES USED    
   264                                                      # OF STATIONS       
    32                                                      # OF SATELLITES     
  6371.0                                                    BASE RADIUS         
     2                                                      MAP DIMENSION       
   450.0 450.0   0.0                                        HGT1 / HGT2 / DHGT  
    87.5 -87.5  -2.5                                        LAT1 / LAT2 / DLAT  
  -180.0 180.0   5.0                                        LON1 / LON2 / DLON  
    -1                                                      EXPONENT            
TEC values in 0.1 tec units;  9999, if no value available   COMMENT             
DCB values in nanoseconds, reference is Sum_of_SatDCBs = 0  COMMENT             
                                                            END OF HEADER       
[from data line 5148]
    13                                                      START OF TEC MAP    
  2010     1     9     0     0     0                        EPOCH OF CURRENT MAP
    87.5-180.0 180.0   5.0 450.0                            LAT/LON1/LON2/DLON/H
   15   15   15   14   15   13   14   14   14   14   13   13   13   13   12   12
   13   13   13   13   13   12   12   11   11   10   10   10   10   10   10   10
   11   11   11   11   11   11   11   11   11   12   12   12   12   12   12   12
   12   12   12   12   12   13   13   13   13   14   14   14   15   15   15   15
   15   15   15   15   15   15   15   15   15
    85.0-180.0 180.0   5.0 450.0                            LAT/LON1/LON2/DLON/H
   18   18   17   16   15   15   16   15   16   15   16   16   16   16   16   16
   16   17   16   16   16   15   14   13   12   11   11   11   11   12   12   12
   12   12   12   12   12   12   12   12   12   12   12   12   12   13   13   13
   12   12   12   12   12   13   13   13   14   14   15   15   15   15   15   16
   16   17   17   18   18   19   19   19   18
    82.5-180.0 180.0   5.0 450.0                            LAT/LON1/LON2/DLON/H
   17   17   16   17   17   19   20   20   21   21   21   21   21   21   20   20
   20   20   20   20   20   19   17   14   14   13   14   13   13   13   13   12
   12   13   13   13   13   14   14   14   14   14   15   15   15   15   15   15
   14   14   13   12   12   13   13   13   13   14   15   15   15   15   15   17
   17   17   18   19   19   18   18   17   17
    80.0-180.0 180.0   5.0 450.0                            LAT/LON1/LON2/DLON/H
   20   20   23   24   25   25   25   26   26   26   26   25   25   24   24   23
   23   22   21   20   19   20   19   15   15   15   14   14   14   13   13   14
   15   15   16   16   16   17   17   18   18   19   19   19   18   19   19   18
   18   18   18   17   16   15   15   15   15   15   15   15   15   15   16   16
   17   17   17   18   18   18   17   18   20
    77.5-180.0 180.0   5.0 450.0                            LAT/LON1/LON2/DLON/H
   25   27   28   30   31   32   32   31   31   30   29   29   28   27   26   25
   24   23   22   21   21   21   19   18   17   16   16   14   14   14   14   15
   15   16   17   18   19   18   19   19   20   20   21   22   22   21   21   21
   21   21   21   20   20   19   19   18   18   18   18   19   19   18   19   18
   18   19   19   20   21   21   23   24   25
    75.0-180.0 180.0   5.0 450.0                            LAT/LON1/LON2/DLON/H
   32   33   34   34   35   36   35   35   34   33   32   31   30   28   26   25
   23   23   24   23   22   21   19   18   18   16   15   15   14   14   14   14
   15   15   16   17   18   19   19   20   21   21   22   23   24   24   23   23
   23   23   23   22   21   20   20   21   21   22   22   23   24   24   24   24
   24   25   25   26   26   27   29   30   32
    72.5-180.0 180.0   5.0 450.0                            LAT/LON1/LON2/DLON/H
   39   40   40   41   41   41   40   39   37   35   34   32   30   27   24   23
   24   23   22   19   21   19   18   18   18   15   16   15   14   12   12   12
   13   13   15   15   16   18   19   19   21   22   22   23   25   25   25   24
   24   24   23   22   21   20   20   21   22   24   25   27   29   30   30   31
   32   31   31   33   34   34   36   37   39
    70.0-180.0 180.0   5.0 450.0                            LAT/LON1/LON2/DLON/H
   44   46   46   46   46   45   45   42   39   37   35   33   29   25   23   22
   21   19   18   18   19   18   18   18   18   18   18   16   14   13   12   12
   12   13   14   14   15   15   17   18   19   20   22   23   25   25   25   24
   23   22   21   20   19   18   19   20   22   25   27   29   32   34   35   36
   37   37   39   40   40   41   42   43   44
    67.5-180.0 180.0   5.0 450.0                            LAT/LON1/LON2/DLON/H
   50   51   52   52   52   51   49   47   42   39   36   33   29   25   22   20
   18   17   17   18   17   18   18   19   18   18   18   17   15   13   13   13
   13   13   14   14   14   12   13   15   17   19   22   23   25   26   26   25
   23   21   19   17   15   15   16   19   21   24   27   30   34   36   39   40
   41   42   44   44   46   47   48   49   50
    65.0-180.0 180.0   5.0 450.0                            LAT/LON1/LON2/DLON/H
   55   55   56   56   56   55   53   50   47   43   39   35   30   27   24   20
   18   16   17   16   16   17   17   18   18   18   17   17   15   14   14   15
   15   13   13   13   13   12   12   13   16   19   23   26   28   29   29   27
   24   21   18   15   14   14   14   17   20   23   26   31   36   39   41   43
   44   46   47   50   51   52   53   54   55
    62.5-180.0 180.0   5.0 450.0                            LAT/LON1/LON2/DLON/H
   59   59   58   60   60   59   58   54   51   47   42   37   34   31   27   22
   18   16   16   15   15   15   17   18   18   18   18   17   17   16   15   16
   16   15   13   13   13   12   12   13   17   21   26   30   32   33   33   32
   28   24   21   18   15   15   15   17   19   22   25   30   36   40   43   45
   47   49   51   53   54   56   58   58   59
    60.0-180.0 180.0   5.0 450.0                            LAT/LON1/LON2/DLON/H
   62   61   62   63   63   62   61   59   55   51   47   42   40   36   31   26
   22   19   17   15   14   15   16   17   16   17   19   19   20   20   19   18
   19   17   14   14   14   14   13   17   22   26   31   36   38   40   40   38
   35   31   27   24   20   20   19   19   20   23   25   29   34   40   43   47
   51   53   55   55   56   59   62   62   62
    57.5-180.0 180.0   5.0 450.0                            LAT/LON1/LON2/DLON/H
   65   64   65   65   65   65   64   63   59   55   51   48   45   41   36   32
   27   23   19   16   15   15   16   16   16   18   21   22   23   24   24   23
   25   22   18   18   18   18   20   24   29   33   38   43   48   50   49   47
   44   39   34   32   28   27   25   26   27   28   27   29   32   38   42   47
   52   55   57   58   59   63   66   66   65
    55.0-180.0 180.0   5.0 450.0                            LAT/LON1/LON2/DLON/H
   69   69   69   69   67   68   67   65   62   59   55   53   50   47   42   37
   32   28   22   20   17   16   17   18   19   20   24   26   27   29   28   27
   29   30   27   26   27   27   29   33   38   41   47   51   54   57   58   57
   54   48   44   41   39   37   34   35   35   34   32   31   33   37   43   48
   52   55   57   59   61   66   69   69   69
    52.5-180.0 180.0   5.0 450.0                            LAT/LON1/LON2/DLON/H
   73   73   75   73   72   71   70   68   65   62   59   57   54   52   48   43
   37   31   26   23   19   18   18   20   22   24   28   31   34   37   36   35
   34   36   35   34   35   35   39   43   46   49   54   58   60   62   65   65
   59   54   51   49   48   47   44   44   42   39   37   35   35   39   46   51
   55   58   59   61   64   68   70   72   73
    50.0-180.0 180.0   5.0 450.0                            LAT/LON1/LON2/DLON/H
   78   80   80   79   77   76   73   71   68   65   62   60   58   56   52   47
   40   34   29   26   23   21   21   24   28   32   35   41   47   50   47   46
   43   43   41   40   41   42   46   51   54   56   59   61   64   65   68   68
   63   58   56   56   56   55   53   51   49   45   42   40   41   43   49   54
   58   61   63   65   68   72   73   75   78
    47.5-180.0 180.0   5.0 450.0                            LAT/LON1/LON2/DLON/H
   84   87   87   85   84   81   77   75   71   67   64   63   61   59   56   50
   43   37   33   31   29   30   32   35   39   44   46   57   72   71   60   58
   51   49   47   45   46   48   51   57   60   61   62   64   67   68   70   68
   65   62   61   62   63   64   62   59   55   52   49   48   47   49   54   57
   60   64   67   70   73   76   77   80   84
    45.0-180.0 180.0   5.0 450.0                            LAT/LON1/LON2/DLON/H
   90   94   93   90   88   86   82   79   74   71   67   66   65   63   58   52
   46   42   39   38   39   43   47   49   54   58   60   74   98   92   71   64
   56   54   52   49   51   52   56   61   65   66   66   68   69   70   69   68
   67   66   66   67   70   72   69   65   61   58   55   53   53   54   57   61
   64   68   72   74   77   80   81   85   90
    42.5-180.0 180.0   5.0 450.0                            LAT/LON1/LON2/DLON/H
   94   98   98   96   94   92   87   83   78   74   71   70   69   67   62   55
   49   47   46   47   50   59   63   65   70   77   76   83  104   98   79   67
   59   57   54   52   53   55   60   64   67   69   70   71   72   72   71   70
   70   68   69   71   74   75   72   67   63   60   59   58   58   59   61   63
   67   71   74   77   79   81   83   87   94
    40.0-180.0 180.0   5.0 450.0                            LAT/LON1/LON2/DLON/H
   92   97   99   98  100   97   93   87   81   77   74   74   73   70   66   60
   54   52   54   59   65   72   77   83   89   96   93   96   99   93   80   70
   64   60   56   54   55   58   62   66   68   70   70   71   72   73   73   72
   71   70   71   73   75   75   71   66   63   62   62   63   63   64   64   65
   68   71   74   77   78   80   82   86   92
    37.5-180.0 180.0   5.0 450.0                            LAT/LON1/LON2/DLON/H
   88   94   98  100  101   99   97   91   85   81   79   78   77   75   71   67
   63   62   66   72   78   84   90   98  104  106  104  104   99   91   80   72
   67   62   58   57   58   61   63   66   67   67   68   69   71   72   72   71
   71   70   70   71   72   72   68   63   61   62   64   66   68   68   68   67
   69   71   73   76   78   78   81   84   88
    35.0-180.0 180.0   5.0 450.0                            LAT/LON1/LON2/DLON/H
   86   90   96  100  103  102  100   94   88   84   83   82   82   80   78   76
   74   74   77   83   89   96  101  108  111  111  110  106   99   91   81   76
   70   64   61   60   61   62   63   64   64   65   66   67   69   70   70   69
   68   68   68   68   67   66   61   58   58   60   65   68   71   71   70   69
   70   72   74   76   78   79   82   84   86
    32.5-180.0 180.0   5.0 450.0                            LAT/LON1/LON2/DLON/H
   87   90   94  100  105  106  102   96   90   87   87   85   85   86   85   85
   85   84   88   96  100  105  108  113  113  110  108  102   96   89   81   78
   72   67   64   63   64   63   64   63   62   63   64   65   66   67   66   64
   63   63   63   64   61   59   55   53   56   60   66   70   73   74   73   72
   72   74   76   78   82   83   85   86   87
    30.0-180.0 180.0   5.0 450.0                            LAT/LON1/LON2/DLON/H
   92   92   97  103  109  110  106   98   91   88   88   89   89   89   90   92
   94   97  100  104  107  107  108  109  107  103  101   95   89   85   81   79
   74   70   67   65   65   64   63   61   60   59   60   60   60   60   59   58
   57   58   59   59   55   53   50   51   56   62   68   72   75   76   76   77
   78   79   81   86   91   92   94   94   92
    27.5-180.0 180.0   5.0 450.0                            LAT/LON1/LON2/DLON/H
  105  103  106  112  117  119  113  105   96   90   88   90   90   89   92   97
  101  105  109  107  106  105  102  100   94   91   90   83   82   82   81   80
   76   72   68   67   66   63   61   59   57   56   55   53   53   53   52   51
   51   53   54   54   52   50   49   51   57   63   69   75   78   80   81   84
   85   89   92   98  104  107  111  110  105
    25.0-180.0 180.0   5.0 450.0                            LAT/LON1/LON2/DLON/H
  129  125  126  129  134  136  130  122  110  100   93   91   89   86   91   97
  102  105  109  105   99   95   91   88   79   77   75   70   74   83   84   82
   78   72   69   66   65   62   59   57   54   51   49   47   45   45   45   44
   45   48   50   50   49   49   49   53   58   66   72   78   80   83   87   93
   96  102  108  117  124  129  132  135  129
    22.5-180.0 180.0   5.0 450.0                            LAT/LON1/LON2/DLON/H
  161  154  158  158  159  163  161  148  131  118  107   97   90   85   88   95
  100  100  101   97   91   86   82   77   70   68   65   65   70   83   88   85
   80   74   69   65   63   59   57   54   52   48   44   41   39   39   40   40
   41   43   45   46   46   46   48   53   60   68   74   78   82   87   95  102
  111  118  128  140  151  156  161  163  161
    20.0-180.0 180.0   5.0 450.0                            LAT/LON1/LON2/DLON/H
  198  194  190  192  195  195  197  184  163  149  131  111   98   89   89   95
   99   98   94   88   85   82   78   73   68   66   66   68   72   83   89   89
   82   74   68   62   61   57   55   53   50   46   42   39   37   36   37   38
   39   40   42   43   43   42   45   51   61   70   75   79   85   93  104  113
  126  136  153  166  179  185  192  200  198
    17.5-180.0 180.0   5.0 450.0                            LAT/LON1/LON2/DLON/H
  227  223  222  228  232  233  232  223  208  185  158  137  116  101   95   96
  100   99   91   82   80   80   80   78   73   76   77   79   80   85   91   91
   86   75   66   60   59   56   54   53   50   47   43   40   38   37   38   38
   38   40   40   41   40   39   43   52   63   72   78   83   92  103  115  128
  142  155  173  189  203  209  217  225  227
    15.0-180.0 180.0   5.0 450.0                            LAT/LON1/LON2/DLON/H
  244  243  244  252  257  262  265  266  254  229  198  171  139  119  105  103
  102  100   91   82   81   84   87   89   89   94   97   96   92   90   92   91
   84   74   65   59   58   56   56   55   53   51   47   44   42   42   41   41
   40   42   42   41   40   39   43   55   68   78   84   90  100  112  126  142
  157  174  189  207  218  223  231  239  244
    12.5-180.0 180.0   5.0 450.0                            LAT/LON1/LON2/DLON/H
  247  250  253  259  268  276  284  290  288  270  239  204  166  138  117  109
  104  102   94   88   87   93   99  103  106  117  119  114  103   93   89   85
   77   71   66   63   61   60   60   60   60   57   54   51   49   48   46   45
   44   45   44   42   40   39   44   56   70   81   89   96  106  118  133  151
  169  186  202  216  224  228  234  240  247
    10.0-180.0 180.0   5.0 450.0                            LAT/LON1/LON2/DLON/H
  238  243  246  252  263  275  286  297  302  293  269  233  194  161  131  118
  106  102   99   95   96  103  108  113  121  131  135  124  108   93   83   77
   73   71   70   68   66   65   66   67   67   65   62   59   58   55   52   49
   48   46   44   41   38   37   43   55   70   82   90   98  109  122  138  157
  176  194  208  218  224  224  228  232  238
     7.5-180.0 180.0   5.0 450.0                            LAT/LON1/LON2/DLON/H
  221  226  231  236  247  260  273  287  297  297  282  254  216  188  150  133
  116  108  107  108  108  113  119  123  133  143  141  125  104   89   77   74
   75   77   76   75   73   73   74   74   74   73   70   67   64   61   55   52
   48   46   43   39   36   36   42   55   70   84   91   97  109  124  139  157
  178  196  207  211  215  213  215  217  221
     5.0-180.0 180.0   5.0 450.0                            LAT/LON1/LON2/DLON/H
  204  208  211  216  221  235  251  269  282  288  283  265  239  207  177  151
  134  125  123  126  125  128  134  138  144  146  137  118   99   84   74   74
   80   84   85   84   82   82   81   80   79   78   75   71   67   63   57   52
   47   44   42   39   36   37   44   57   73   86   91   94  107  121  136  153
  174  192  198  198  201  198  199  202  204
     2.5-180.0 180.0   5.0 450.0                            LAT/LON1/LON2/DLON/H
  191  193  193  195  197  208  224  244  259  272  276  268  250  224  196  168
  152  147  145  147  146  150  152  154  152  143  131  112   96   82   76   81
   88   94   96   94   91   88   86   82   80   78   74   70   66   61   55   50
   47   44   43   41   39   41   50   62   76   88   92   95  105  117  131  147
  166  182  188  187  188  186  186  188  191
